0	1
0	2
1	2
0	3
1	3
2	3
0	4
1	4
2	4
3	4
0	5
1	5
2	5
3	5
4	5
0	6
1	6
2	6
3	6
5	6
0	7
1	7
2	7
3	7
6	7
0	8
1	8
2	8
3	8
7	8
0	9
1	9
2	9
4	9
5	9
0	10
1	10
2	10
3	10
5	10
0	11
1	11
6	11
7	11
8	11
0	12
1	12
2	12
3	12
5	12
0	13
2	13
3	13
6	13
8	13
0	14
2	14
3	14
8	14
9	14
0	15
1	15
2	15
3	15
4	15
0	16
1	16
2	16
3	16
5	16
1	17
3	17
4	17
5	17
8	17
0	18
1	18
3	18
4	18
7	18
0	19
1	19
3	19
6	19
7	19
0	20
1	20
3	20
6	20
8	20
0	21
5	21
6	21
9	21
19	21
4	22
5	22
6	22
8	22
13	22
1	23
3	23
4	23
8	23
21	23
0	24
1	24
2	24
3	24
15	24
3	25
6	25
8	25
18	25
22	25
0	26
5	26
8	26
9	26
18	26
0	27
1	27
5	27
6	27
9	27
0	28
2	28
4	28
5	28
6	28
4	29
5	29
6	29
9	29
28	29
0	30
1	30
8	30
25	30
28	30
3	31
4	31
5	31
9	31
12	31
0	32
1	32
3	32
6	32
15	32
0	33
1	33
3	33
4	33
5	33
0	34
1	34
3	34
5	34
9	34
2	35
3	35
7	35
8	35
9	35
0	36
1	36
2	36
3	36
9	36
0	37
2	37
4	37
18	37
21	37
1	38
2	38
3	38
8	38
25	38
4	39
5	39
8	39
9	39
26	39
1	40
3	40
4	40
8	40
14	40
0	41
2	41
3	41
5	41
9	41
0	42
5	42
6	42
9	42
39	42
0	43
1	43
2	43
3	43
23	43
0	44
2	44
5	44
7	44
25	44
0	45
1	45
8	45
23	45
26	45
0	46
1	46
3	46
8	46
19	46
2	47
3	47
5	47
6	47
23	47
3	48
4	48
8	48
9	48
33	48
0	49
2	49
5	49
9	49
23	49
3	50
4	50
16	50
18	50
41	50
1	51
2	51
5	51
8	51
32	51
0	52
3	52
4	52
6	52
7	52
0	53
1	53
5	53
8	53
29	53
7	54
23	54
26	54
27	54
28	54
0	55
2	55
11	55
25	55
53	55
5	56
21	56
23	56
28	56
43	56
2	57
3	57
6	57
25	57
42	57
2	58
5	58
9	58
20	58
55	58
1	59
2	59
3	59
4	59
24	59
1	60
4	60
5	60
13	60
15	60
0	61
4	61
5	61
6	61
9	61
0	62
3	62
5	62
8	62
20	62
1	63
2	63
5	63
6	63
9	63
1	64
3	64
4	64
5	64
15	64
0	65
1	65
3	65
13	65
33	65
0	66
1	66
5	66
25	66
48	66
0	67
1	67
2	67
5	67
23	67
1	68
3	68
5	68
6	68
16	68
1	69
4	69
6	69
34	69
43	69
0	70
1	70
23	70
48	70
59	70
1	71
5	71
6	71
8	71
25	71
0	72
3	72
8	72
12	72
25	72
0	73
1	73
3	73
23	73
27	73
1	74
3	74
5	74
9	74
37	74
1	75
4	75
19	75
28	75
32	75
0	76
1	76
4	76
13	76
47	76
1	77
24	77
26	77
28	77
53	77
0	78
4	78
8	78
13	78
69	78
1	79
2	79
5	79
6	79
26	79
0	80
1	80
3	80
6	80
18	80
2	81
8	81
9	81
14	81
25	81
1	82
3	82
20	82
27	82
49	82
0	83
1	83
5	83
39	83
51	83
0	84
1	84
2	84
6	84
22	84
0	85
3	85
5	85
37	85
48	85
1	86
5	86
8	86
27	86
57	86
0	87
2	87
27	87
59	87
67	87
2	88
3	88
5	88
8	88
28	88
0	89
2	89
6	89
23	89
41	89
5	90
23	90
25	90
26	90
43	90
0	91
5	91
8	91
13	91
53	91
1	92
3	92
5	92
7	92
27	92
1	93
3	93
6	93
41	93
69	93
1	94
3	94
8	94
9	94
28	94
3	95
4	95
5	95
20	95
26	95
0	96
2	96
5	96
6	96
20	96
3	97
13	97
28	97
42	97
55	97
1	98
3	98
8	98
9	98
39	98
0	99
1	99
7	99
56	99
59	99
0	100
1	100
3	100
5	100
89	100
2	101
3	101
9	101
18	101
57	101
0	102
2	102
3	102
20	102
22	102
0	103
1	103
6	103
12	103
66	103
1	104
3	104
4	104
8	104
28	104
0	105
1	105
10	105
13	105
64	105
1	106
3	106
5	106
7	106
27	106
0	107
3	107
6	107
8	107
68	107
0	108
5	108
12	108
28	108
82	108
1	109
3	109
5	109
25	109
96	109
0	110
3	110
5	110
6	110
107	110
0	111
1	111
3	111
81	111
103	111
0	112
1	112
5	112
9	112
12	112
3	113
5	113
9	113
51	113
62	113
0	114
1	114
5	114
9	114
33	114
1	115
3	115
6	115
54	115
73	115
1	116
6	116
18	116
48	116
115	116
2	117
6	117
12	117
51	117
54	117
0	118
1	118
5	118
9	118
57	118
6	119
8	119
9	119
39	119
55	119
1	120
5	120
6	120
8	120
28	120
1	121
3	121
6	121
7	121
13	121
9	122
28	122
43	122
53	122
70	122
0	123
2	123
27	123
92	123
120	123
0	124
1	124
4	124
6	124
50	124
3	125
4	125
5	125
9	125
42	125
0	126
1	126
4	126
39	126
92	126
3	127
4	127
5	127
8	127
25	127
1	128
3	128
8	128
27	128
52	128
2	129
9	129
51	129
76	129
118	129
3	130
5	130
9	130
21	130
25	130
0	131
3	131
42	131
78	131
125	131
1	132
12	132
25	132
36	132
85	132
1	133
4	133
22	133
33	133
39	133
1	134
3	134
8	134
21	134
27	134
1	135
2	135
4	135
29	135
61	135
1	136
4	136
5	136
28	136
84	136
1	137
3	137
6	137
8	137
77	137
0	138
2	138
21	138
43	138
77	138
2	139
4	139
8	139
64	139
118	139
3	140
21	140
27	140
41	140
48	140
1	141
3	141
6	141
12	141
25	141
1	142
4	142
5	142
34	142
68	142
5	143
9	143
27	143
51	143
59	143
0	144
1	144
2	144
8	144
25	144
1	145
5	145
22	145
48	145
131	145
1	146
2	146
4	146
19	146
39	146
1	147
3	147
4	147
52	147
135	147
3	148
4	148
8	148
21	148
89	148
0	149
3	149
25	149
53	149
71	149
0	150
1	150
27	150
64	150
94	150
1	151
10	151
16	151
48	151
107	151
1	152
4	152
18	152
29	152
61	152
0	153
5	153
14	153
66	153
91	153
0	154
5	154
6	154
85	154
106	154
0	155
1	155
5	155
12	155
78	155
1	156
2	156
8	156
47	156
129	156
2	157
6	157
12	157
18	157
59	157
1	158
5	158
8	158
13	158
124	158
0	159
3	159
57	159
59	159
107	159
5	160
14	160
23	160
28	160
31	160
3	161
5	161
14	161
48	161
137	161
0	162
3	162
4	162
9	162
55	162
0	163
1	163
2	163
3	163
6	163
3	164
5	164
8	164
39	164
121	164
2	165
5	165
19	165
57	165
156	165
0	166
1	166
2	166
50	166
101	166
5	167
6	167
7	167
8	167
64	167
0	168
3	168
5	168
6	168
70	168
2	169
3	169
29	169
80	169
137	169
2	170
3	170
26	170
41	170
130	170
2	171
4	171
5	171
8	171
37	171
0	172
2	172
3	172
31	172
39	172
2	173
3	173
6	173
9	173
25	173
3	174
5	174
9	174
103	174
120	174
2	175
3	175
50	175
52	175
127	175
1	176
2	176
3	176
26	176
71	176
0	177
3	177
8	177
9	177
25	177
1	178
3	178
4	178
45	178
52	178
4	179
5	179
13	179
70	179
91	179
1	180
3	180
6	180
49	180
63	180
3	181
12	181
27	181
28	181
141	181
3	182
20	182
41	182
68	182
171	182
0	183
3	183
4	183
6	183
156	183
1	184
3	184
5	184
10	184
25	184
1	185
3	185
8	185
18	185
28	185
1	186
2	186
4	186
29	186
109	186
1	187
5	187
12	187
13	187
28	187
1	188
2	188
3	188
26	188
109	188
0	189
6	189
8	189
28	189
136	189
3	190
25	190
39	190
59	190
105	190
3	191
6	191
84	191
101	191
128	191
0	192
1	192
7	192
19	192
26	192
0	193
1	193
2	193
3	193
18	193
0	194
2	194
3	194
4	194
41	194
2	195
3	195
5	195
6	195
69	195
1	196
5	196
9	196
33	196
48	196
3	197
48	197
50	197
96	197
118	197
3	198
13	198
66	198
68	198
148	198
0	199
1	199
5	199
6	199
76	199
1	200
2	200
3	200
6	200
9	200
0	201
8	201
33	201
37	201
48	201
1	202
4	202
5	202
23	202
64	202
0	203
3	203
6	203
9	203
107	203
1	204
2	204
6	204
103	204
156	204
1	205
4	205
86	205
127	205
198	205
2	206
9	206
15	206
23	206
48	206
3	207
5	207
6	207
9	207
97	207
1	208
2	208
3	208
142	208
201	208
5	209
20	209
56	209
76	209
88	209
1	210
3	210
5	210
8	210
49	210
2	211
3	211
5	211
28	211
90	211
2	212
6	212
7	212
8	212
45	212
3	213
4	213
27	213
198	213
205	213
0	214
1	214
8	214
18	214
171	214
1	215
2	215
3	215
5	215
18	215
2	216
3	216
59	216
66	216
92	216
0	217
2	217
3	217
8	217
12	217
0	218
2	218
25	218
36	218
67	218
2	219
4	219
5	219
15	219
51	219
6	220
22	220
56	220
71	220
124	220
0	221
2	221
6	221
14	221
28	221
3	222
4	222
21	222
26	222
53	222
0	223
2	223
5	223
13	223
25	223
2	224
3	224
5	224
6	224
59	224
3	225
47	225
48	225
190	225
224	225
0	226
2	226
4	226
26	226
158	226
0	227
2	227
6	227
8	227
20	227
0	228
1	228
4	228
8	228
98	228
0	229
2	229
5	229
8	229
94	229
1	230
28	230
41	230
50	230
198	230
2	231
3	231
6	231
8	231
42	231
1	232
5	232
8	232
48	232
130	232
1	233
3	233
5	233
109	233
154	233
0	234
2	234
4	234
18	234
80	234
1	235
3	235
5	235
173	235
200	235
6	236
12	236
57	236
71	236
78	236
3	237
5	237
94	237
191	237
215	237
2	238
6	238
9	238
25	238
51	238
1	239
3	239
6	239
21	239
41	239
0	240
1	240
2	240
23	240
121	240
0	241
5	241
9	241
20	241
96	241
0	242
2	242
3	242
8	242
9	242
3	243
115	243
171	243
190	243
223	243
0	244
7	244
43	244
118	244
227	244
3	245
6	245
12	245
25	245
71	245
0	246
2	246
3	246
5	246
229	246
0	247
5	247
6	247
9	247
118	247
14	248
61	248
125	248
212	248
221	248
1	249
2	249
5	249
130	249
131	249
12	250
24	250
28	250
39	250
211	250
1	251
18	251
21	251
68	251
177	251
0	252
1	252
18	252
25	252
26	252
2	253
7	253
14	253
39	253
78	253
6	254
7	254
8	254
55	254
59	254
0	255
1	255
9	255
33	255
48	255
1	256
6	256
7	256
16	256
121	256
0	257
3	257
4	257
70	257
227	257
2	258
5	258
7	258
16	258
172	258
1	259
6	259
33	259
39	259
109	259
3	260
4	260
22	260
64	260
218	260
1	261
3	261
15	261
28	261
230	261
1	262
3	262
9	262
15	262
197	262
4	263
6	263
8	263
10	263
14	263
1	264
2	264
4	264
56	264
129	264
1	265
13	265
25	265
28	265
114	265
2	266
3	266
39	266
78	266
251	266
0	267
2	267
3	267
5	267
32	267
0	268
1	268
5	268
26	268
89	268
3	269
4	269
16	269
98	269
227	269
0	270
6	270
23	270
24	270
39	270
0	271
4	271
5	271
15	271
43	271
4	272
5	272
6	272
21	272
26	272
0	273
4	273
8	273
12	273
128	273
1	274
8	274
28	274
32	274
121	274
1	275
3	275
15	275
79	275
226	275
0	276
1	276
5	276
18	276
49	276
0	277
6	277
8	277
202	277
262	277
3	278
5	278
9	278
14	278
219	278
0	279
3	279
5	279
21	279
107	279
0	280
2	280
18	280
153	280
215	280
1	281
2	281
4	281
8	281
207	281
4	282
5	282
25	282
54	282
77	282
0	283
1	283
2	283
8	283
57	283
3	284
14	284
18	284
51	284
103	284
2	285
3	285
27	285
51	285
120	285
0	286
1	286
6	286
55	286
266	286
0	287
3	287
5	287
91	287
218	287
0	288
1	288
3	288
5	288
205	288
1	289
4	289
9	289
27	289
72	289
1	290
6	290
48	290
68	290
197	290
1	291
41	291
166	291
190	291
227	291
4	292
11	292
28	292
68	292
73	292
1	293
2	293
8	293
112	293
120	293
3	294
4	294
9	294
106	294
171	294
1	295
5	295
11	295
36	295
42	295
3	296
18	296
25	296
28	296
33	296
1	297
8	297
68	297
160	297
212	297
1	298
3	298
6	298
125	298
214	298
0	299
8	299
10	299
43	299
120	299
2	300
9	300
68	300
96	300
163	300
1	301
2	301
3	301
4	301
5	301
0	302
14	302
28	302
107	302
236	302
3	303
4	303
5	303
27	303
70	303
1	304
2	304
5	304
8	304
34	304
0	305
1	305
9	305
68	305
121	305
0	306
2	306
3	306
5	306
127	306
0	307
1	307
5	307
156	307
270	307
2	308
4	308
113	308
130	308
165	308
1	309
2	309
6	309
8	309
9	309
0	310
2	310
3	310
8	310
55	310
0	311
3	311
48	311
89	311
218	311
1	312
2	312
3	312
6	312
255	312
1	313
2	313
3	313
8	313
23	313
0	314
3	314
4	314
8	314
26	314
1	315
2	315
3	315
28	315
70	315
0	316
3	316
68	316
126	316
147	316
3	317
12	317
32	317
89	317
92	317
5	318
7	318
9	318
18	318
28	318
5	319
71	319
84	319
120	319
128	319
20	320
47	320
49	320
121	320
264	320
3	321
5	321
37	321
227	321
276	321
3	322
4	322
11	322
22	322
57	322
0	323
1	323
3	323
21	323
51	323
0	324
3	324
7	324
18	324
51	324
0	325
3	325
125	325
185	325
222	325
0	326
4	326
6	326
41	326
48	326
3	327
5	327
55	327
205	327
279	327
3	328
8	328
28	328
39	328
291	328
1	329
3	329
5	329
25	329
51	329
2	330
5	330
6	330
8	330
68	330
0	331
5	331
6	331
12	331
21	331
2	332
3	332
5	332
6	332
106	332
0	333
1	333
2	333
37	333
106	333
9	334
16	334
25	334
48	334
127	334
6	335
7	335
13	335
49	335
82	335
2	336
3	336
6	336
39	336
218	336
1	337
2	337
3	337
4	337
212	337
0	338
23	338
28	338
72	338
322	338
1	339
4	339
5	339
227	339
280	339
0	340
1	340
27	340
129	340
236	340
1	341
4	341
5	341
149	341
282	341
6	342
20	342
28	342
35	342
39	342
1	343
28	343
59	343
236	343
261	343
3	344
4	344
28	344
33	344
35	344
0	345
1	345
9	345
25	345
132	345
3	346
6	346
244	346
264	346
327	346
0	347
3	347
20	347
42	347
153	347
2	348
21	348
28	348
38	348
73	348
0	349
2	349
5	349
9	349
20	349
2	350
6	350
9	350
18	350
107	350
2	351
18	351
43	351
85	351
256	351
0	352
5	352
8	352
25	352
274	352
4	353
8	353
29	353
36	353
223	353
1	354
5	354
6	354
19	354
26	354
2	355
3	355
41	355
48	355
222	355
8	356
9	356
71	356
201	356
214	356
2	357
5	357
7	357
68	357
158	357
1	358
2	358
3	358
9	358
43	358
6	359
12	359
62	359
126	359
335	359
1	360
4	360
6	360
8	360
309	360
1	361
9	361
153	361
160	361
215	361
1	362
8	362
118	362
121	362
122	362
3	363
6	363
22	363
23	363
345	363
5	364
6	364
54	364
74	364
121	364
0	365
5	365
7	365
21	365
39	365
1	366
68	366
93	366
268	366
339	366
4	367
18	367
23	367
26	367
116	367
0	368
1	368
3	368
6	368
134	368
0	369
1	369
22	369
26	369
28	369
3	370
4	370
6	370
9	370
88	370
0	371
3	371
4	371
10	371
25	371
6	372
12	372
28	372
70	372
107	372
3	373
4	373
34	373
124	373
271	373
2	374
3	374
9	374
87	374
272	374
6	375
8	375
12	375
15	375
66	375
5	376
6	376
94	376
219	376
301	376
0	377
5	377
15	377
27	377
140	377
1	378
3	378
5	378
8	378
175	378
0	379
2	379
6	379
27	379
215	379
1	380
6	380
22	380
25	380
147	380
2	381
4	381
5	381
59	381
352	381
0	382
51	382
59	382
177	382
182	382
0	383
6	383
55	383
274	383
374	383
1	384
7	384
9	384
55	384
279	384
0	385
7	385
25	385
42	385
190	385
0	386
3	386
123	386
212	386
359	386
0	387
4	387
8	387
28	387
118	387
5	388
6	388
8	388
45	388
353	388
1	389
3	389
9	389
20	389
22	389
0	390
2	390
14	390
52	390
200	390
3	391
5	391
18	391
26	391
142	391
6	392
16	392
18	392
59	392
320	392
7	393
90	393
165	393
215	393
337	393
3	394
4	394
9	394
28	394
49	394
30	395
85	395
109	395
263	395
368	395
5	396
6	396
9	396
28	396
64	396
0	397
2	397
50	397
112	397
220	397
0	398
3	398
4	398
8	398
28	398
5	399
12	399
41	399
271	399
316	399
0	400
4	400
5	400
8	400
103	400
0	401
48	401
49	401
57	401
66	401
1	402
4	402
18	402
70	402
117	402
2	403
12	403
28	403
33	403
68	403
0	404
6	404
39	404
69	404
177	404
0	405
1	405
3	405
68	405
227	405
0	406
2	406
8	406
13	406
308	406
2	407
4	407
9	407
28	407
351	407
1	408
3	408
5	408
26	408
76	408
0	409
1	409
28	409
39	409
236	409
6	410
27	410
57	410
92	410
351	410
1	411
3	411
8	411
160	411
363	411
3	412
5	412
8	412
9	412
18	412
4	413
8	413
22	413
130	413
254	413
0	414
4	414
7	414
8	414
18	414
0	415
6	415
8	415
42	415
54	415
3	416
28	416
89	416
200	416
296	416
1	417
20	417
85	417
89	417
265	417
2	418
5	418
119	418
150	418
337	418
0	419
9	419
20	419
25	419
233	419
3	420
18	420
28	420
60	420
174	420
0	421
1	421
13	421
25	421
227	421
0	422
3	422
22	422
24	422
380	422
0	423
5	423
25	423
64	423
94	423
0	424
6	424
8	424
12	424
39	424
1	425
3	425
125	425
128	425
227	425
2	426
3	426
8	426
53	426
171	426
1	427
6	427
39	427
43	427
162	427
3	428
7	428
39	428
41	428
68	428
0	429
5	429
8	429
25	429
93	429
0	430
1	430
5	430
6	430
18	430
1	431
2	431
3	431
22	431
121	431
0	432
3	432
8	432
25	432
136	432
1	433
3	433
6	433
23	433
41	433
1	434
3	434
114	434
193	434
222	434
2	435
4	435
5	435
7	435
56	435
0	436
8	436
16	436
26	436
370	436
1	437
3	437
28	437
48	437
407	437
4	438
8	438
41	438
227	438
371	438
6	439
8	439
59	439
117	439
327	439
0	440
4	440
5	440
37	440
61	440
0	441
3	441
5	441
49	441
131	441
25	442
56	442
167	442
179	442
421	442
1	443
5	443
33	443
41	443
163	443
4	444
5	444
12	444
102	444
276	444
0	445
5	445
9	445
107	445
253	445
0	446
26	446
121	446
140	446
241	446
5	447
124	447
127	447
218	447
226	447
0	448
6	448
9	448
158	448
182	448
2	449
52	449
84	449
89	449
92	449
18	450
20	450
23	450
52	450
114	450
0	451
3	451
5	451
9	451
53	451
0	452
1	452
3	452
12	452
93	452
3	453
5	453
14	453
21	453
227	453
0	454
3	454
5	454
12	454
23	454
0	455
4	455
5	455
106	455
297	455
5	456
6	456
24	456
92	456
354	456
0	457
1	457
8	457
9	457
272	457
1	458
6	458
121	458
233	458
315	458
3	459
6	459
25	459
320	459
378	459
1	460
5	460
11	460
39	460
280	460
8	461
43	461
113	461
324	461
426	461
2	462
4	462
7	462
191	462
347	462
0	463
1	463
2	463
5	463
8	463
0	464
1	464
5	464
68	464
276	464
5	465
23	465
30	465
56	465
59	465
8	466
49	466
94	466
310	466
356	466
1	467
8	467
39	467
54	467
206	467
1	468
3	468
8	468
249	468
350	468
1	469
5	469
43	469
82	469
294	469
0	470
3	470
7	470
8	470
9	470
8	471
11	471
12	471
56	471
127	471
0	472
8	472
28	472
125	472
333	472
1	473
5	473
142	473
239	473
376	473
0	474
7	474
195	474
196	474
256	474
1	475
2	475
3	475
4	475
8	475
2	476
4	476
8	476
33	476
121	476
1	477
3	477
6	477
39	477
96	477
2	478
8	478
9	478
31	478
212	478
3	479
4	479
5	479
27	479
48	479
4	480
8	480
25	480
55	480
418	480
4	481
6	481
23	481
28	481
96	481
3	482
20	482
25	482
59	482
372	482
0	483
3	483
20	483
33	483
57	483
0	484
2	484
3	484
5	484
7	484
7	485
8	485
48	485
74	485
298	485
13	486
22	486
33	486
71	486
96	486
0	487
1	487
2	487
18	487
33	487
1	488
6	488
23	488
53	488
227	488
1	489
41	489
68	489
99	489
262	489
1	490
3	490
8	490
264	490
437	490
2	491
3	491
4	491
28	491
47	491
3	492
5	492
6	492
118	492
227	492
2	493
5	493
106	493
232	493
309	493
3	494
15	494
361	494
408	494
489	494
1	495
8	495
25	495
70	495
171	495
0	496
2	496
4	496
387	496
425	496
4	497
8	497
18	497
19	497
27	497
2	498
5	498
18	498
236	498
264	498
7	499
14	499
171	499
191	499
215	499
1	500
3	500
6	500
85	500
94	500
0	501
1	501
3	501
70	501
131	501
1	502
22	502
28	502
39	502
193	502
3	503
4	503
6	503
28	503
203	503
2	504
5	504
27	504
68	504
200	504
0	505
1	505
3	505
48	505
249	505
4	506
12	506
127	506
146	506
456	506
2	507
8	507
67	507
96	507
236	507
6	508
9	508
23	508
331	508
454	508
0	509
1	509
27	509
56	509
184	509
6	510
9	510
12	510
14	510
28	510
0	511
3	511
4	511
39	511
84	511
5	512
7	512
85	512
146	512
185	512
0	513
3	513
48	513
387	513
391	513
0	514
18	514
41	514
125	514
429	514
13	515
18	515
147	515
189	515
305	515
3	516
23	516
103	516
106	516
127	516
0	517
1	517
4	517
5	517
7	517
1	518
3	518
6	518
31	518
127	518
1	519
4	519
5	519
84	519
371	519
2	520
5	520
14	520
460	520
486	520
1	521
7	521
18	521
31	521
230	521
1	522
3	522
4	522
8	522
374	522
2	523
9	523
18	523
21	523
130	523
12	524
129	524
148	524
161	524
186	524
0	525
3	525
8	525
127	525
276	525
0	526
28	526
48	526
59	526
113	526
1	527
3	527
6	527
8	527
48	527
1	528
3	528
5	528
13	528
215	528
2	529
5	529
25	529
51	529
120	529
8	530
41	530
54	530
68	530
280	530
1	531
2	531
5	531
73	531
125	531
0	532
2	532
27	532
259	532
300	532
1	533
4	533
5	533
6	533
117	533
2	534
8	534
14	534
25	534
54	534
3	535
5	535
9	535
28	535
39	535
2	536
4	536
6	536
15	536
67	536
1	537
2	537
36	537
219	537
239	537
3	538
5	538
9	538
42	538
104	538
5	539
7	539
8	539
226	539
227	539
0	540
3	540
5	540
12	540
100	540
29	541
53	541
54	541
60	541
370	541
1	542
3	542
5	542
8	542
396	542
2	543
9	543
70	543
89	543
231	543
1	544
2	544
3	544
5	544
357	544
2	545
3	545
5	545
8	545
54	545
1	546
5	546
25	546
39	546
308	546
3	547
7	547
11	547
21	547
74	547
0	548
18	548
48	548
50	548
454	548
5	549
9	549
22	549
64	549
532	549
12	550
25	550
32	550
129	550
348	550
1	551
2	551
5	551
10	551
26	551
0	552
1	552
5	552
25	552
118	552
18	553
50	553
62	553
113	553
441	553
2	554
3	554
53	554
80	554
85	554
5	555
13	555
25	555
41	555
52	555
0	556
3	556
9	556
245	556
477	556
0	557
2	557
12	557
84	557
172	557
0	558
3	558
4	558
5	558
25	558
1	559
28	559
349	559
372	559
508	559
0	560
5	560
8	560
25	560
28	560
4	561
21	561
28	561
49	561
511	561
0	562
27	562
84	562
156	562
314	562
1	563
3	563
8	563
107	563
271	563
0	564
3	564
4	564
5	564
59	564
0	565
3	565
5	565
26	565
84	565
1	566
5	566
7	566
64	566
171	566
0	567
1	567
121	567
141	567
172	567
1	568
9	568
26	568
78	568
128	568
0	569
2	569
3	569
25	569
315	569
0	570
1	570
18	570
49	570
160	570
6	571
8	571
18	571
20	571
26	571
3	572
5	572
54	572
92	572
375	572
3	573
19	573
159	573
245	573
420	573
0	574
1	574
2	574
5	574
183	574
0	575
39	575
57	575
198	575
429	575
1	576
2	576
8	576
36	576
227	576
0	577
5	577
9	577
28	577
48	577
2	578
4	578
6	578
90	578
106	578
2	579
48	579
152	579
153	579
304	579
0	580
1	580
6	580
33	580
128	580
3	581
4	581
48	581
92	581
330	581
1	582
18	582
90	582
151	582
561	582
16	583
28	583
33	583
53	583
54	583
28	584
45	584
86	584
467	584
495	584
1	585
3	585
25	585
96	585
247	585
6	586
26	586
76	586
117	586
308	586
0	587
2	587
9	587
168	587
439	587
2	588
8	588
16	588
28	588
320	588
0	589
1	589
82	589
492	589
565	589
4	590
7	590
92	590
278	590
469	590
0	591
4	591
18	591
116	591
396	591
0	592
1	592
2	592
8	592
13	592
1	593
3	593
9	593
218	593
435	593
1	594
3	594
49	594
212	594
441	594
2	595
3	595
5	595
9	595
320	595
1	596
8	596
9	596
18	596
43	596
4	597
5	597
21	597
59	597
372	597
5	598
118	598
209	598
219	598
281	598
3	599
4	599
5	599
219	599
268	599
0	600
1	600
3	600
5	600
214	600
2	601
8	601
73	601
504	601
524	601
1	602
4	602
27	602
122	602
310	602
5	603
9	603
67	603
223	603
239	603
2	604
3	604
5	604
107	604
131	604
6	605
25	605
68	605
251	605
291	605
1	606
14	606
18	606
224	606
535	606
1	607
5	607
12	607
53	607
161	607
0	608
3	608
5	608
22	608
59	608
1	609
3	609
6	609
23	609
501	609
3	610
5	610
6	610
171	610
174	610
4	611
26	611
48	611
70	611
94	611
0	612
1	612
7	612
57	612
183	612
37	613
118	613
146	613
171	613
517	613
1	614
2	614
3	614
25	614
372	614
0	615
4	615
5	615
21	615
199	615
5	616
18	616
20	616
54	616
360	616
0	617
27	617
41	617
153	617
172	617
1	618
2	618
8	618
198	618
331	618
0	619
4	619
5	619
65	619
537	619
2	620
8	620
9	620
77	620
463	620
0	621
2	621
12	621
50	621
214	621
1	622
2	622
5	622
6	622
166	622
3	623
5	623
8	623
53	623
68	623
29	624
89	624
126	624
403	624
533	624
1	625
9	625
59	625
121	625
131	625
0	626
1	626
5	626
12	626
189	626
3	627
4	627
6	627
12	627
27	627
1	628
3	628
5	628
6	628
467	628
2	629
26	629
120	629
153	629
253	629
1	630
3	630
5	630
6	630
130	630
2	631
5	631
7	631
8	631
37	631
0	632
3	632
14	632
33	632
589	632
1	633
20	633
64	633
82	633
212	633
1	634
3	634
5	634
6	634
467	634
2	635
5	635
9	635
63	635
84	635
2	636
3	636
12	636
59	636
98	636
4	637
5	637
55	637
71	637
299	637
0	638
8	638
23	638
27	638
191	638
2	639
6	639
22	639
28	639
214	639
9	640
20	640
77	640
211	640
353	640
0	641
5	641
59	641
127	641
147	641
5	642
12	642
31	642
257	642
470	642
5	643
9	643
15	643
25	643
42	643
0	644
4	644
8	644
27	644
297	644
5	645
22	645
77	645
198	645
596	645
0	646
1	646
3	646
5	646
345	646
2	647
4	647
5	647
28	647
517	647
4	648
100	648
175	648
203	648
250	648
1	649
7	649
8	649
9	649
125	649
0	650
1	650
3	650
6	650
51	650
0	651
2	651
4	651
7	651
78	651
0	652
5	652
8	652
501	652
516	652
4	653
16	653
97	653
324	653
468	653
1	654
2	654
94	654
416	654
635	654
0	655
1	655
5	655
421	655
475	655
0	656
2	656
5	656
6	656
25	656
6	657
8	657
51	657
171	657
502	657
2	658
6	658
54	658
82	658
359	658
1	659
18	659
68	659
133	659
510	659
0	660
1	660
2	660
57	660
68	660
4	661
5	661
57	661
130	661
517	661
1	662
8	662
15	662
279	662
435	662
7	663
25	663
42	663
214	663
425	663
0	664
2	664
3	664
25	664
90	664
3	665
7	665
14	665
51	665
59	665
3	666
4	666
18	666
28	666
255	666
1	667
5	667
6	667
28	667
96	667
8	668
26	668
27	668
205	668
615	668
1	669
25	669
82	669
94	669
501	669
3	670
6	670
25	670
67	670
227	670
11	671
23	671
73	671
212	671
513	671
0	672
3	672
4	672
5	672
9	672
4	673
41	673
89	673
133	673
227	673
1	674
3	674
6	674
316	674
404	674
3	675
4	675
9	675
48	675
429	675
0	676
5	676
73	676
236	676
352	676
5	677
12	677
18	677
36	677
396	677
6	678
39	678
49	678
535	678
544	678
3	679
8	679
25	679
72	679
94	679
0	680
1	680
2	680
6	680
21	680
3	681
9	681
12	681
18	681
203	681
1	682
2	682
3	682
6	682
236	682
5	683
21	683
39	683
67	683
594	683
0	684
5	684
6	684
14	684
54	684
0	685
6	685
15	685
77	685
459	685
3	686
6	686
12	686
96	686
142	686
2	687
23	687
25	687
467	687
557	687
3	688
5	688
14	688
153	688
191	688
0	689
1	689
6	689
37	689
236	689
4	690
9	690
25	690
39	690
84	690
1	691
4	691
5	691
6	691
353	691
0	692
1	692
3	692
33	692
160	692
0	693
8	693
15	693
117	693
514	693
5	694
39	694
48	694
156	694
304	694
3	695
13	695
42	695
49	695
257	695
1	696
5	696
6	696
28	696
146	696
1	697
2	697
4	697
21	697
543	697
0	698
6	698
33	698
74	698
227	698
0	699
8	699
12	699
190	699
231	699
3	700
4	700
103	700
125	700
191	700
0	701
1	701
362	701
477	701
490	701
1	702
2	702
14	702
18	702
503	702
3	703
4	703
18	703
582	703
677	703
1	704
3	704
39	704
64	704
227	704
3	705
6	705
43	705
96	705
118	705
1	706
18	706
28	706
49	706
239	706
0	707
1	707
15	707
183	707
428	707
6	708
32	708
43	708
48	708
264	708
8	709
69	709
120	709
164	709
233	709
1	710
3	710
22	710
73	710
121	710
3	711
160	711
221	711
324	711
371	711
0	712
26	712
53	712
82	712
372	712
2	713
4	713
162	713
297	713
649	713
6	714
8	714
12	714
313	714
509	714
4	715
12	715
55	715
140	715
489	715
1	716
5	716
67	716
345	716
678	716
4	717
6	717
28	717
49	717
362	717
0	718
4	718
5	718
77	718
662	718
0	719
1	719
3	719
8	719
37	719
0	720
68	720
96	720
188	720
574	720
1	721
5	721
69	721
99	721
420	721
5	722
23	722
39	722
94	722
239	722
1	723
8	723
36	723
48	723
76	723
2	724
3	724
26	724
223	724
677	724
0	725
1	725
6	725
8	725
22	725
6	726
8	726
25	726
171	726
228	726
1	727
2	727
5	727
99	727
148	727
1	728
2	728
4	728
92	728
135	728
2	729
3	729
28	729
48	729
198	729
1	730
5	730
6	730
100	730
170	730
1	731
3	731
4	731
24	731
36	731
0	732
4	732
19	732
21	732
496	732
1	733
5	733
28	733
48	733
73	733
6	734
31	734
39	734
203	734
212	734
1	735
5	735
9	735
71	735
132	735
0	736
2	736
5	736
7	736
13	736
0	737
8	737
22	737
27	737
128	737
2	738
5	738
8	738
39	738
565	738
1	739
5	739
6	739
37	739
591	739
1	740
5	740
28	740
146	740
396	740
2	741
3	741
8	741
20	741
31	741
1	742
3	742
5	742
6	742
94	742
1	743
4	743
25	743
28	743
406	743
22	744
27	744
28	744
174	744
490	744
1	745
5	745
25	745
28	745
55	745
0	746
21	746
52	746
291	746
415	746
2	747
8	747
9	747
171	747
322	747
0	748
1	748
23	748
105	748
362	748
10	749
26	749
33	749
82	749
387	749
1	750
152	750
222	750
317	750
700	750
0	751
1	751
5	751
7	751
215	751
3	752
5	752
70	752
477	752
557	752
0	753
2	753
3	753
7	753
646	753
3	754
49	754
92	754
188	754
736	754
0	755
1	755
6	755
9	755
724	755
1	756
2	756
18	756
357	756
603	756
5	757
6	757
8	757
107	757
121	757
1	758
3	758
64	758
118	758
373	758
0	759
1	759
39	759
128	759
584	759
2	760
39	760
53	760
85	760
241	760
0	761
2	761
6	761
18	761
186	761
0	762
1	762
2	762
6	762
20	762
0	763
1	763
2	763
3	763
8	763
0	764
8	764
48	764
257	764
503	764
3	765
5	765
25	765
66	765
127	765
1	766
5	766
6	766
22	766
345	766
1	767
5	767
6	767
18	767
293	767
3	768
25	768
49	768
129	768
206	768
3	769
12	769
42	769
78	769
127	769
0	770
3	770
4	770
20	770
136	770
1	771
2	771
3	771
53	771
133	771
3	772
5	772
9	772
12	772
78	772
2	773
4	773
7	773
39	773
358	773
5	774
6	774
18	774
32	774
167	774
3	775
11	775
231	775
685	775
733	775
1	776
22	776
39	776
325	776
447	776
1	777
22	777
36	777
42	777
426	777
0	778
4	778
5	778
635	778
704	778
0	779
4	779
43	779
198	779
659	779
4	780
6	780
33	780
85	780
636	780
0	781
6	781
9	781
51	781
772	781
1	782
2	782
51	782
253	782
429	782
3	783
6	783
27	783
92	783
222	783
3	784
22	784
42	784
131	784
286	784
0	785
3	785
12	785
28	785
125	785
0	786
2	786
3	786
28	786
56	786
0	787
2	787
5	787
166	787
363	787
1	788
3	788
8	788
14	788
24	788
0	789
1	789
3	789
94	789
131	789
0	790
2	790
4	790
33	790
85	790
2	791
5	791
8	791
20	791
200	791
90	792
113	792
198	792
276	792
721	792
4	793
6	793
8	793
25	793
78	793
5	794
6	794
16	794
160	794
532	794
3	795
57	795
150	795
274	795
415	795
0	796
3	796
5	796
160	796
245	796
5	797
8	797
49	797
55	797
268	797
1	798
12	798
33	798
160	798
398	798
6	799
9	799
37	799
682	799
739	799
3	800
8	800
203	800
413	800
613	800
5	801
235	801
264	801
537	801
573	801
2	802
8	802
33	802
52	802
199	802
5	803
7	803
50	803
98	803
322	803
1	804
2	804
6	804
313	804
498	804
3	805
16	805
56	805
279	805
421	805
3	806
4	806
8	806
9	806
748	806
5	807
7	807
10	807
31	807
420	807
1	808
3	808
4	808
239	808
245	808
6	809
20	809
55	809
246	809
470	809
18	810
23	810
215	810
486	810
591	810
2	811
4	811
5	811
33	811
68	811
5	812
19	812
26	812
86	812
640	812
22	813
25	813
145	813
184	813
223	813
0	814
1	814
6	814
564	814
651	814
0	815
2	815
6	815
7	815
57	815
0	816
1	816
5	816
9	816
14	816
6	817
86	817
171	817
646	817
776	817
4	818
25	818
92	818
101	818
183	818
1	819
4	819
5	819
113	819
570	819
2	820
8	820
9	820
27	820
41	820
0	821
1	821
3	821
8	821
97	821
51	822
198	822
201	822
390	822
637	822
5	823
12	823
56	823
245	823
612	823
6	824
11	824
27	824
94	824
643	824
0	825
5	825
7	825
155	825
463	825
3	826
8	826
9	826
29	826
85	826
2	827
3	827
8	827
27	827
543	827
0	828
2	828
4	828
227	828
250	828
20	829
28	829
43	829
92	829
134	829
1	830
2	830
28	830
41	830
80	830
2	831
3	831
5	831
8	831
317	831
1	832
3	832
4	832
21	832
27	832
0	833
5	833
15	833
174	833
623	833
1	834
2	834
3	834
11	834
42	834
1	835
4	835
39	835
136	835
244	835
1	836
3	836
37	836
454	836
659	836
3	837
9	837
48	837
124	837
236	837
0	838
6	838
27	838
109	838
450	838
0	839
4	839
82	839
97	839
183	839
6	840
57	840
118	840
230	840
638	840
3	841
8	841
25	841
239	841
509	841
1	842
3	842
25	842
41	842
336	842
1	843
7	843
18	843
64	843
505	843
1	844
3	844
4	844
8	844
9	844
3	845
5	845
7	845
23	845
239	845
3	846
7	846
49	846
140	846
800	846
1	847
9	847
20	847
23	847
52	847
2	848
3	848
4	848
5	848
238	848
2	849
5	849
14	849
64	849
152	849
1	850
5	850
6	850
28	850
358	850
8	851
39	851
68	851
171	851
218	851
1	852
7	852
28	852
36	852
221	852
1	853
21	853
143	853
717	853
808	853
3	854
6	854
18	854
370	854
589	854
3	855
5	855
8	855
14	855
73	855
0	856
1	856
3	856
8	856
372	856
0	857
6	857
574	857
594	857
705	857
2	858
3	858
68	858
77	858
257	858
2	859
3	859
27	859
55	859
69	859
1	860
2	860
5	860
6	860
527	860
0	861
4	861
18	861
360	861
403	861
0	862
4	862
5	862
9	862
13	862
6	863
12	863
105	863
117	863
227	863
0	864
4	864
33	864
86	864
186	864
2	865
5	865
53	865
132	865
478	865
0	866
2	866
5	866
244	866
757	866
2	867
5	867
25	867
76	867
420	867
5	868
103	868
200	868
530	868
721	868
0	869
21	869
171	869
407	869
850	869
2	870
3	870
5	870
28	870
398	870
1	871
3	871
42	871
48	871
127	871
2	872
5	872
119	872
650	872
828	872
1	873
14	873
160	873
811	873
816	873
0	874
2	874
3	874
5	874
26	874
2	875
7	875
41	875
859	875
866	875
0	876
5	876
260	876
262	876
790	876
1	877
18	877
42	877
92	877
222	877
1	878
5	878
6	878
9	878
134	878
1	879
51	879
266	879
370	879
374	879
7	880
33	880
153	880
771	880
852	880
1	881
2	881
3	881
6	881
183	881
1	882
53	882
68	882
124	882
771	882
0	883
3	883
4	883
8	883
28	883
2	884
57	884
92	884
158	884
229	884
3	885
6	885
39	885
52	885
638	885
0	886
1	886
2	886
39	886
429	886
3	887
9	887
73	887
96	887
132	887
20	888
25	888
41	888
376	888
886	888
0	889
8	889
11	889
12	889
57	889
4	890
8	890
65	890
227	890
330	890
0	891
56	891
227	891
637	891
711	891
34	892
65	892
153	892
320	892
591	892
3	893
6	893
73	893
325	893
542	893
1	894
3	894
39	894
57	894
279	894
1	895
8	895
27	895
285	895
537	895
0	896
3	896
6	896
18	896
347	896
27	897
96	897
199	897
276	897
748	897
0	898
33	898
188	898
218	898
259	898
4	899
12	899
51	899
69	899
89	899
0	900
2	900
3	900
9	900
107	900
1	901
5	901
8	901
56	901
713	901
0	902
37	902
107	902
473	902
654	902
3	903
106	903
315	903
492	903
517	903
4	904
25	904
86	904
266	904
509	904
5	905
20	905
160	905
421	905
560	905
1	906
149	906
423	906
508	906
725	906
5	907
20	907
41	907
148	907
706	907
6	908
28	908
68	908
200	908
458	908
0	909
1	909
6	909
8	909
18	909
2	910
3	910
27	910
215	910
836	910
0	911
8	911
107	911
190	911
655	911
1	912
5	912
39	912
51	912
153	912
3	913
5	913
6	913
28	913
508	913
0	914
1	914
18	914
182	914
221	914
1	915
2	915
5	915
8	915
413	915
0	916
1	916
3	916
28	916
47	916
1	917
5	917
32	917
91	917
249	917
0	918
1	918
767	918
857	918
858	918
0	919
3	919
9	919
13	919
63	919
0	920
4	920
8	920
26	920
356	920
2	921
5	921
9	921
39	921
48	921
3	922
5	922
12	922
215	922
509	922
0	923
3	923
5	923
61	923
239	923
4	924
5	924
32	924
90	924
537	924
0	925
8	925
96	925
107	925
128	925
0	926
1	926
3	926
59	926
94	926
0	927
5	927
9	927
91	927
368	927
5	928
28	928
53	928
100	928
733	928
3	929
18	929
25	929
28	929
151	929
1	930
3	930
5	930
10	930
26	930
2	931
6	931
76	931
171	931
466	931
0	932
1	932
4	932
25	932
42	932
7	933
18	933
53	933
117	933
160	933
3	934
27	934
32	934
57	934
750	934
0	935
3	935
6	935
78	935
711	935
1	936
14	936
43	936
266	936
326	936
3	937
5	937
22	937
223	937
696	937
2	938
3	938
33	938
82	938
833	938
1	939
3	939
8	939
517	939
664	939
2	940
3	940
6	940
28	940
55	940
1	941
3	941
7	941
576	941
837	941
5	942
52	942
94	942
177	942
858	942
2	943
3	943
5	943
25	943
94	943
3	944
33	944
55	944
89	944
152	944
1	945
3	945
4	945
400	945
787	945
0	946
5	946
7	946
28	946
509	946
0	947
3	947
101	947
231	947
896	947
2	948
5	948
101	948
390	948
925	948
6	949
12	949
103	949
353	949
435	949
1	950
2	950
18	950
68	950
384	950
3	951
6	951
131	951
603	951
654	951
1	952
8	952
18	952
193	952
385	952
0	953
3	953
6	953
104	953
951	953
0	954
9	954
23	954
32	954
58	954
2	955
44	955
49	955
105	955
227	955
1	956
2	956
39	956
223	956
227	956
3	957
25	957
279	957
467	957
656	957
2	958
6	958
28	958
43	958
89	958
2	959
9	959
68	959
152	959
257	959
2	960
3	960
9	960
36	960
39	960
1	961
8	961
73	961
84	961
777	961
4	962
5	962
8	962
14	962
54	962
0	963
1	963
9	963
26	963
183	963
3	964
5	964
7	964
26	964
51	964
1	965
3	965
51	965
110	965
160	965
8	966
25	966
128	966
141	966
739	966
3	967
8	967
27	967
39	967
43	967
3	968
17	968
24	968
121	968
711	968
3	969
6	969
59	969
84	969
175	969
3	970
56	970
69	970
255	970
817	970
1	971
6	971
11	971
16	971
561	971
0	972
15	972
28	972
125	972
773	972
0	973
2	973
6	973
33	973
137	973
9	974
70	974
174	974
428	974
916	974
5	975
8	975
12	975
120	975
121	975
6	976
28	976
30	976
42	976
157	976
1	977
3	977
5	977
8	977
16	977
0	978
3	978
5	978
56	978
322	978
3	979
6	979
8	979
416	979
728	979
3	980
9	980
25	980
130	980
532	980
2	981
3	981
5	981
9	981
212	981
3	982
5	982
162	982
353	982
823	982
0	983
5	983
84	983
463	983
552	983
1	984
94	984
230	984
276	984
809	984
1	985
42	985
51	985
160	985
371	985
0	986
3	986
4	986
25	986
222	986
4	987
18	987
101	987
144	987
865	987
1	988
23	988
28	988
83	988
117	988
0	989
18	989
101	989
264	989
694	989
3	990
9	990
353	990
580	990
886	990
3	991
6	991
16	991
25	991
28	991
0	992
3	992
59	992
126	992
151	992
1	993
39	993
94	993
97	993
751	993
0	994
1	994
6	994
11	994
769	994
3	995
6	995
20	995
271	995
508	995
0	996
2	996
43	996
127	996
314	996
0	997
1	997
7	997
12	997
673	997
0	998
5	998
20	998
21	998
358	998
0	999
1	999
12	999
64	999
624	999
