18 27 94 102 112 140 156 160 167 194 216 219 222 294 326 333 423 473
32 58 80 108 123 145 175 281 288 290 310 317 339 345 376 405 412 426 445 467 470 474 495 496
72 122 128 130 141 181 263 308 387 451
4 12 63 111 190 196 264 336 361 398
69 139 149 283 314 316 347 366 402 428 447 456
14 15 101 184 212 245 274 291 331 337
19 54 59 90 95 115 119 134 177 183 201 225 325 367 386 437 475
43 92 97 262 306 342 395 397 430 488
5 7 17 22 23 116 131 151 158 159 198 202 232 238 251 266 287 393 433 441 478
1 9 16 93 144 173 178 189 193 220 237 247 253 268 305 311 383 396 411 453 500
65 70 103 110 214 221 228 230 298 355 356 362 392 413 420 461
38 61 62 68 74 88 129 166 172 192 203 215 224 250 255 293 318 365 409 417 418 444 486
21 51 155 165 186 187 226 229 234 244 254 319 363 442
66 85 96 137 163 200 233 304 352 438 463
8 136 169 174 197 248 256 312 334 346 360 370 375 384 385 399 416 432 440 460 462 482 484 485 493
3 6 11 25 34 35 36 52 56 107 109 236 368 382 410 454 471 477 492
77 105 120 126 150 205 217 303 327 344 354 425 439 455 491
2 24 78 106 127 179 208 209 272 275 280 295 404 421 429 458 469 498
46 48 117 171 246 364 374 378 379 407 415 424 480
40 44 60 67 79 125 133 143 199 218 252 257 265 289 332 419 434 449 459 481
28 135 148 152 161 170 182 204 278 340 388 443 479 487
50 73 98 121 154 157 206 239 243 259 261 273 292 297 348 351 372 435 446 452 457 489
26 41 57 87 213 301 309 320 328 349 359 380 389 406 476
30 47 76 81 132 142 146 210 227 296 307 313 321 322 324 357 358 448
33 100 124 207 231 242 249 279 299 302 401 431 450
20 49 118 164 188 271 285 335 422 483 499
10 39 64 75 82 86 113 114 153 176 195 241 267 276 284 329 341 343 350 353 371 427 436 464 494
31 53 55 83 84 89 138 168 235 300 315 381 408 465 466 490
13 71 104 147 162 185 191 240 258 282 323 373 390 472 497
29 37 42 45 91 99 180 211 223 260 269 270 277 286 330 338 369 377 391 394 400 403 414 468
