1	15
2	26
3	15
4	15
5	3
6	28
7	20
8	11
9	14
10	8
11	2
12	4
13	2
14	9
15	27
16	18
17	12
18	30
19	6
20	15
21	5
22	5
23	25
24	21
25	23
26	22
27	4
28	24
29	15
30	17
31	21
32	23
33	18
34	9
35	4
36	23
37	7
38	7
39	26
40	1
41	2
42	6
43	22
44	19
45	7
46	7
47	12
48	11
49	22
50	19
51	23
52	21
53	9
54	21
55	10
56	4
57	22
58	10
59	19
60	15
61	20
62	4
63	26
64	25
65	15
66	13
67	17
68	19
69	12
70	26
71	30
72	14
73	22
74	26
75	24
76	29
77	22
78	8
79	29
80	25
81	1
82	22
83	15
84	18
85	25
86	4
87	6
88	14
89	11
90	30
91	16
92	4
93	30
94	3
95	18
96	23
97	6
98	1
99	25
100	9
101	29
102	23
103	7
104	14
105	9
106	24
107	30
108	8
109	28
110	6
111	19
112	26
113	27
114	14
115	20
116	7
117	16
118	30
119	10
120	27
121	7
122	3
123	3
124	23
125	6
126	21
127	6
128	24
129	9
130	8
131	8
132	19
133	7
134	8
135	7
136	30
137	8
138	10
139	9
140	24
141	7
142	16
143	16
144	28
145	23
146	7
147	1
148	22
149	30
150	16
151	20
152	14
153	24
154	24
155	21
156	28
157	23
158	24
159	25
160	2
161	17
162	9
163	17
164	23
165	9
166	26
167	19
168	12
169	25
170	29
171	30
172	9
173	24
174	18
175	30
176	21
177	14
178	12
179	8
180	24
181	5
182	4
183	11
184	14
185	12
186	30
187	13
188	2
189	1
190	1
191	26
192	6
193	23
194	28
195	3
196	16
197	19
198	2
199	8
200	30
201	1
202	4
203	8
204	16
205	29
206	13
207	14
208	2
209	20
210	14
211	24
212	9
213	17
214	29
215	23
216	5
217	20
218	28
219	24
220	23
221	22
222	5
223	21
224	7
225	1
226	27
227	30
228	2
229	15
230	18
231	26
232	6
233	29
234	14
235	27
236	7
237	3
238	7
239	7
240	16
241	27
242	18
243	17
244	29
245	21
246	18
247	9
248	21
249	28
250	10
251	10
252	21
253	28
254	20
255	19
256	23
257	14
258	13
259	16
260	2
261	22
262	24
263	7
264	24
265	13
266	20
267	10
268	26
269	10
270	24
271	13
272	8
273	7
274	29
275	2
276	5
277	3
278	20
279	2
280	21
281	11
282	10
283	19
284	12
285	20
286	17
287	16
288	11
289	6
290	24
291	26
292	13
293	4
294	21
295	5
296	12
297	18
298	2
299	16
300	29
301	3
302	14
303	20
304	18
305	12
306	26
307	10
308	27
309	24
310	24
311	20
312	11
313	21
314	20
315	4
316	6
317	26
318	2
319	15
320	4
321	8
322	30
323	3
324	27
325	6
326	16
327	26
328	25
329	3
330	14
331	22
332	12
333	15
334	18
335	3
336	11
337	5
338	25
339	7
340	24
341	23
342	22
343	17
344	2
345	16
346	10
347	19
348	2
349	30
350	28
351	22
352	16
353	8
354	25
355	10
356	22
357	10
358	11
359	5
360	23
361	27
362	24
363	8
364	24
365	10
366	2
367	20
368	11
369	29
370	23
371	8
372	11
373	17
374	1
375	17
376	25
377	20
378	11
379	30
380	25
381	14
382	15
383	24
384	6
385	29
386	5
387	8
388	30
389	17
390	26
391	3
392	22
393	8
394	9
395	14
396	25
397	1
398	8
399	7
400	10
401	25
402	16
403	24
404	11
405	12
406	21
407	2
408	29
409	9
410	29
411	17
412	3
413	9
414	30
415	14
416	27
417	7
418	8
419	1
420	26
421	18
422	25
423	29
424	8
425	18
426	24
427	10
428	20
429	21
430	22
431	21
432	19
433	24
434	29
435	7
436	6
437	8
438	14
439	12
440	22
441	11
442	2
443	29
444	9
445	8
446	11
447	19
448	16
449	23
450	3
451	24
452	24
453	26
454	22
455	3
456	6
457	3
458	8
459	7
460	27
461	6
462	13
463	3
464	1
465	25
466	2
467	4
468	27
469	17
470	16
471	30
472	8
473	9
474	11
475	9
476	2
477	11
478	24
479	1
480	3
481	10
482	17
483	9
484	5
485	2
486	18
487	19
488	8
489	13
490	21
491	20
492	16
493	13
494	5
495	10
496	2
497	1
498	14
499	10
500	4
501	11
502	30
503	14
504	10
505	29
506	19
507	11
508	26
509	18
510	23
511	2
512	25
513	13
514	29
515	18
516	25
517	29
518	21
519	28
520	5
521	23
522	26
523	5
524	7
525	8
526	8
527	17
528	23
529	4
530	15
531	22
532	8
533	2
534	9
535	24
536	8
537	29
538	29
539	10
540	2
541	5
542	12
543	13
544	29
545	30
546	29
547	8
548	25
549	20
550	10
551	11
552	14
553	4
554	1
555	13
556	15
557	7
558	17
559	2
560	13
561	30
562	30
563	15
564	20
565	10
566	13
567	4
568	17
569	15
570	9
571	9
572	3
573	9
574	17
575	6
576	28
577	8
578	8
579	8
580	12
581	29
582	25
583	29
584	30
585	28
586	19
587	19
588	4
589	8
590	22
591	1
592	17
593	1
594	23
595	25
596	15
597	29
598	7
599	29
600	29
601	28
602	25
603	8
604	18
605	13
606	5
607	16
608	16
609	11
610	25
611	15
612	10
613	8
614	19
615	24
616	28
617	8
618	25
619	29
620	12
621	9
622	15
623	12
624	17
625	14
626	8
627	1
628	16
629	18
630	19
631	22
632	27
633	8
634	18
635	27
636	24
637	24
638	21
639	3
640	13
641	9
642	25
643	24
644	13
645	9
646	6
647	4
648	18
649	30
650	17
651	13
652	14
653	22
654	1
655	18
656	12
657	13
658	29
659	9
660	28
661	3
662	13
663	22
664	18
665	26
666	18
667	15
668	28
669	27
670	1
671	26
672	28
673	23
674	22
675	20
676	24
677	9
678	13
679	10
680	23
681	23
682	1
683	19
684	18
685	8
686	20
687	1
688	1
689	22
690	14
691	14
692	7
693	13
694	20
695	14
696	21
697	21
698	10
699	25
700	11
701	22
702	29
703	7
704	23
705	24
706	11
707	20
708	29
709	7
710	3
711	13
712	14
713	7
714	22
715	19
716	30
717	9
718	22
719	8
720	13
721	15
722	19
723	29
724	10
725	20
726	8
727	17
728	22
729	29
730	14
731	11
732	20
733	30
734	4
735	23
736	14
737	4
738	26
739	16
740	6
741	13
742	13
743	8
744	18
745	15
746	20
747	19
748	8
749	21
750	10
751	26
752	17
753	8
754	17
755	16
756	4
757	11
758	10
759	14
760	27
761	25
762	8
763	17
764	28
765	11
766	19
767	29
768	24
769	24
770	23
771	7
772	18
773	16
774	29
775	6
776	27
777	30
778	2
779	21
780	6
781	28
782	20
783	3
784	29
785	10
786	26
787	3
788	28
789	16
790	2
791	24
792	11
793	8
794	6
795	8
796	1
797	28
798	8
799	9
800	23
801	10
802	6
803	22
804	19
805	2
806	29
807	23
808	29
809	26
810	27
811	21
812	22
813	5
814	23
815	28
816	15
817	2
818	5
819	26
820	12
821	6
822	18
823	18
824	16
825	29
826	21
827	1
828	18
829	8
830	24
831	29
832	19
833	27
834	8
835	18
836	10
837	26
838	18
839	15
840	1
841	23
842	24
843	27
844	20
845	29
846	26
847	8
848	30
849	1
850	30
851	14
852	23
853	23
854	5
855	3
856	24
857	7
858	4
859	6
860	3
861	5
862	23
863	17
864	8
865	23
866	29
867	25
868	23
869	12
870	14
871	11
872	2
873	18
874	5
875	12
876	26
877	29
878	28
879	14
880	11
881	21
882	4
883	19
884	10
885	6
886	9
887	15
888	21
889	29
890	13
891	26
892	13
893	4
894	4
895	29
896	15
897	7
898	12
899	17
900	17
901	5
902	8
903	19
904	12
905	1
906	12
907	29
908	16
909	29
910	22
911	15
912	30
913	29
914	28
915	21
916	17
917	23
918	24
919	11
920	21
921	22
922	22
923	19
924	29
925	18
926	22
927	29
928	24
929	22
930	12
931	18
932	28
933	5
934	30
935	18
936	18
937	21
938	15
939	29
940	13
941	8
942	23
943	19
944	18
945	8
946	3
947	7
948	26
949	15
950	11
951	5
952	18
953	4
954	11
955	5
956	2
957	6
958	10
959	5
960	9
961	4
962	23
963	5
964	23
965	5
966	24
967	9
968	6
969	20
970	14
971	28
972	16
973	8
974	8
975	26
976	28
977	17
978	3
979	29
980	24
981	27
982	8
983	11
984	25
985	20
986	3
987	4
988	21
989	5
990	22
991	1
992	22
993	19
994	30
995	13
996	1
997	15
998	15
999	22
1000	8
1001	9
1002	28
1003	5
1004	29
1005	30
1006	15
1007	8
1008	12
1009	12
1010	4
1011	29
1012	8
1013	16
1014	18
1015	5
1016	17
1017	24
1018	29
1019	2
1020	10
1021	3
1022	6
1023	3
1024	30
1025	30
1026	20
1027	23
1028	18
1029	16
1030	20
1031	16
1032	7
1033	3
1034	6
1035	29
1036	28
1037	17
1038	12
1039	24
1040	13
1041	8
1042	11
1043	28
1044	4
1045	12
1046	26
1047	9
1048	25
1049	3
1050	14
1051	7
1052	8
1053	21
1054	23
1055	28
1056	12
1057	29
1058	4
1059	2
1060	8
1061	2
1062	9
1063	18
1064	1
1065	16
1066	15
1067	26
1068	18
1069	7
1070	18
1071	18
1072	6
1073	11
1074	7
1075	21
1076	25
1077	7
1078	13
1079	13
1080	13
1081	3
1082	11
1083	21
1084	18
1085	11
1086	5
1087	29
1088	29
1089	6
1090	7
1091	20
1092	30
1093	13
1094	29
1095	9
1096	25
1097	4
1098	12
1099	10
1100	10
1101	22
1102	15
1103	18
1104	3
1105	25
1106	21
1107	28
1108	19
1109	11
1110	3
1111	27
1112	29
1113	29
1114	2
1115	1
1116	2
1117	27
1118	27
1119	22
1120	9
1121	19
1122	15
1123	20
1124	24
1125	15
1126	27
1127	21
1128	2
1129	8
1130	4
1131	14
1132	9
1133	3
1134	18
1135	22
1136	24
1137	23
1138	20
1139	14
1140	15
1141	23
1142	15
1143	16
1144	10
1145	26
1146	10
1147	7
1148	29
1149	8
1150	23
1151	12
1152	15
1153	23
1154	18
1155	20
1156	29
1157	4
1158	12
1159	15
1160	23
1161	14
1162	12
1163	14
1164	10
1165	3
1166	2
1167	3
1168	8
1169	2
1170	5
1171	10
1172	14
1173	5
1174	8
1175	1
1176	23
1177	7
1178	23
1179	14
1180	30
1181	7
1182	12
1183	2
1184	22
1185	4
1186	13
1187	22
1188	19
1189	29
1190	4
1191	3
1192	24
1193	4
1194	1
1195	1
1196	8
1197	23
1198	18
1199	23
1200	4
1201	22
1202	14
1203	23
1204	25
1205	30
1206	9
1207	12
1208	3
1209	23
1210	14
1211	27
1212	14
1213	29
1214	21
1215	1
1216	18
1217	19
1218	16
1219	5
1220	4
1221	10
1222	3
1223	10
1224	11
1225	28
1226	14
1227	25
1228	8
1229	6
1230	3
1231	19
1232	24
1233	28
1234	8
1235	30
1236	5
1237	26
1238	8
1239	6
1240	15
1241	8
1242	23
1243	16
1244	18
1245	14
1246	4
1247	7
1248	22
1249	7
1250	11
1251	20
1252	28
1253	21
1254	26
1255	3
1256	16
1257	21
1258	21
1259	4
1260	17
1261	12
1262	12
1263	14
1264	11
1265	12
1266	1
1267	16
1268	23
1269	30
1270	6
1271	8
1272	11
1273	29
1274	23
1275	15
1276	1
1277	26
1278	12
1279	2
1280	8
1281	21
1282	24
1283	26
1284	28
1285	2
1286	9
1287	13
1288	23
1289	23
1290	28
1291	8
1292	25
1293	9
1294	30
1295	12
1296	11
1297	1
1298	29
1299	20
1300	19
1301	13
1302	8
1303	23
1304	19
1305	25
1306	28
1307	19
1308	30
1309	30
1310	29
1311	19
1312	23
1313	8
1314	22
1315	14
1316	29
1317	23
1318	17
1319	1
1320	13
1321	28
1322	18
1323	15
1324	16
1325	14
1326	14
1327	23
1328	12
1329	17
1330	19
1331	28
1332	16
1333	26
1334	30
1335	20
1336	25
1337	20
1338	26
1339	10
1340	4
1341	4
1342	14
1343	6
1344	7
1345	15
1346	5
1347	10
1348	14
1349	29
1350	26
1351	10
1352	8
1353	23
1354	3
1355	25
1356	13
1357	19
1358	28
1359	26
1360	2
1361	29
1362	7
1363	14
1364	11
1365	30
1366	20
1367	23
1368	23
1369	9
1370	26
1371	30
1372	30
1373	8
1374	30
1375	2
1376	14
1377	18
1378	18
1379	9
1380	27
1381	12
1382	28
1383	8
1384	2
1385	10
1386	2
1387	8
1388	8
1389	24
1390	8
1391	12
1392	5
1393	30
1394	17
1395	14
1396	11
1397	3
1398	22
1399	22
1400	28
1401	11
1402	18
1403	28
1404	18
1405	16
1406	28
1407	28
1408	23
1409	18
1410	13
1411	23
1412	2
1413	26
1414	22
1415	12
1416	18
1417	5
1418	25
1419	30
1420	13
1421	30
1422	21
1423	14
1424	28
1425	20
1426	22
1427	14
1428	22
1429	11
1430	14
1431	20
1432	8
1433	29
1434	5
1435	30
1436	23
1437	14
1438	5
1439	16
1440	18
1441	11
1442	20
1443	9
1444	15
1445	6
1446	14
1447	1
1448	14
1449	1
1450	29
1451	23
1452	12
1453	30
1454	3
1455	2
1456	8
1457	13
1458	11
1459	9
1460	1
1461	28
1462	2
1463	29
1464	30
1465	19
1466	29
1467	9
1468	4
1469	25
1470	12
1471	14
1472	26
1473	24
1474	12
1475	23
1476	8
1477	10
1478	16
1479	29
1480	15
1481	26
1482	23
1483	18
1484	12
1485	8
1486	25
1487	16
1488	18
1489	19
1490	17
1491	8
1492	26
1493	18
1494	18
1495	15
1496	14
1497	12
1498	23
1499	16
1500	29
1501	14
1502	12
1503	30
1504	21
1505	8
1506	20
1507	30
1508	16
1509	10
1510	17
1511	12
1512	18
1513	24
1514	25
1515	10
1516	16
1517	14
1518	6
1519	30
1520	21
1521	5
1522	16
1523	14
1524	24
1525	20
1526	21
1527	24
1528	9
1529	19
1530	16
1531	22
1532	14
1533	13
1534	5
1535	23
1536	22
1537	20
1538	21
1539	2
1540	9
1541	8
1542	9
1543	1
1544	20
1545	1
1546	8
1547	6
1548	23
1549	17
1550	13
1551	25
1552	23
1553	30
1554	14
1555	30
1556	29
1557	2
1558	30
1559	14
1560	11
1561	26
1562	26
1563	15
1564	8
1565	3
1566	28
1567	14
1568	13
1569	14
1570	8
1571	13
1572	30
1573	23
1574	14
1575	3
1576	28
1577	8
1578	14
1579	16
1580	23
1581	4
1582	4
1583	18
1584	16
1585	23
1586	23
1587	12
1588	17
1589	21
1590	11
1591	5
1592	29
1593	29
1594	19
1595	16
1596	18
1597	16
1598	23
1599	30
1600	23
1601	20
1602	23
1603	11
1604	29
1605	30
1606	2
1607	2
1608	22
1609	25
1610	28
1611	7
1612	20
1613	7
1614	9
1615	17
1616	16
1617	17
1618	23
1619	5
1620	5
1621	4
1622	20
1623	19
1624	17
1625	9
1626	21
1627	4
1628	16
1629	29
1630	14
1631	11
1632	14
1633	1
1634	21
1635	28
1636	9
1637	23
1638	16
1639	30
1640	14
1641	9
1642	20
1643	20
1644	16
1645	22
1646	20
1647	28
1648	24
1649	26
1650	9
1651	30
1652	29
1653	8
1654	2
1655	16
1656	29
1657	30
1658	13
1659	2
1660	5
1661	4
1662	23
1663	29
1664	30
1665	28
1666	10
1667	8
1668	23
1669	27
1670	14
1671	29
1672	18
1673	9
1674	8
1675	19
1676	11
1677	24
1678	14
1679	10
1680	25
1681	23
1682	29
1683	21
1684	5
1685	16
1686	2
1687	8
1688	27
1689	1
1690	21
1691	16
1692	25
1693	12
1694	30
1695	23
1696	4
1697	16
1698	9
1699	29
1700	30
1701	1
1702	29
1703	4
1704	18
1705	20
1706	1
1707	14
1708	15
1709	29
1710	30
1711	2
1712	21
1713	21
1714	1
1715	29
1716	24
1717	30
1718	11
1719	17
1720	8
1721	7
1722	24
1723	2
1724	14
1725	20
1726	18
1727	28
1728	18
1729	24
1730	29
1731	15
1732	8
1733	30
1734	29
1735	20
1736	10
1737	27
1738	17
1739	4
1740	25
1741	5
1742	8
1743	18
1744	6
1745	20
1746	8
1747	8
1748	17
1749	17
1750	1
1751	22
1752	20
1753	18
1754	27
1755	19
1756	23
1757	18
1758	20
1759	5
1760	28
1761	23
1762	26
1763	30
1764	20
1765	1
1766	20
1767	5
1768	19
1769	23
1770	14
1771	18
1772	23
1773	7
1774	23
1775	29
1776	14
1777	10
1778	23
1779	22
1780	14
1781	18
1782	10
1783	28
1784	14
1785	19
1786	1
1787	12
1788	5
1789	26
1790	14
1791	30
1792	16
1793	21
1794	18
1795	14
1796	7
1797	21
1798	22
1799	5
1800	16
1801	30
1802	29
1803	20
1804	18
1805	12
1806	8
1807	19
1808	21
1809	23
1810	14
1811	29
1812	29
1813	10
1814	18
1815	29
1816	16
1817	14
1818	22
1819	16
1820	29
1821	9
1822	14
1823	10
1824	20
1825	20
1826	29
1827	18
1828	16
1829	14
1830	23
1831	2
1832	14
1833	9
1834	20
1835	24
1836	20
1837	30
1838	5
1839	20
1840	1
1841	28
1842	30
1843	3
1844	16
1845	27
1846	5
1847	3
1848	23
1849	19
1850	22
1851	16
1852	3
1853	27
1854	12
1855	23
1856	20
1857	18
1858	16
1859	21
1860	14
1861	12
1862	26
1863	3
1864	30
1865	25
1866	26
1867	20
1868	27
1869	30
1870	15
1871	10
1872	2
1873	17
1874	30
1875	16
1876	2
1877	4
1878	8
1879	12
1880	11
1881	20
1882	23
1883	16
1884	19
1885	20
1886	26
1887	29
1888	11
1889	15
1890	25
1891	5
1892	18
1893	10
1894	30
1895	8
1896	1
1897	17
1898	10
1899	11
1900	27
1901	28
1902	29
1903	21
1904	18
1905	10
1906	7
1907	17
1908	16
1909	9
1910	6
1911	18
1912	28
1913	8
1914	17
1915	12
1916	19
1917	23
1918	22
1919	14
1920	14
1921	9
1922	14
1923	5
1924	10
1925	14
1926	15
1927	30
1928	22
1929	6
1930	14
1931	22
1932	2
1933	8
1934	20
1935	10
1936	16
1937	4
1938	3
1939	13
1940	24
1941	12
1942	23
1943	30
1944	23
1945	26
1946	13
1947	4
1948	15
1949	18
1950	18
1951	29
1952	14
1953	23
1954	17
1955	30
1956	3
1957	30
1958	1
1959	8
1960	3
1961	27
1962	7
1963	19
1964	5
1965	10
1966	26
1967	18
1968	27
1969	26
1970	3
1971	17
1972	18
1973	14
1974	8
1975	6
1976	28
1977	28
1978	3
1979	3
1980	2
1981	14
1982	15
1983	14
1984	15
1985	6
1986	16
1987	22
1988	7
1989	8
1990	14
1991	18
1992	23
1993	29
1994	25
1995	18
1996	29
1997	22
1998	26
1999	3
2000	1
2001	7
2002	12
2003	14
2004	23
2005	14
2006	22
2007	9
2008	21
2009	18
2010	18
2011	18
2012	27
2013	18
2014	30
2015	2
2016	11
2017	18
2018	12
2019	23
2020	22
2021	2
2022	16
2023	14
2024	20
2025	7
2026	28
2027	7
2028	13
2029	3
2030	4
2031	8
2032	2
2033	20
2034	29
2035	12
2036	7
2037	27
2038	28
2039	14
2040	9
2041	16
2042	17
2043	10
2044	20
2045	18
2046	23
2047	18
2048	20
2049	18
2050	26
2051	30
2052	18
2053	8
2054	13
2055	14
2056	14
2057	20
2058	28
2059	2
2060	29
2061	15
2062	5
2063	5
2064	1
2065	30
2066	8
2067	10
2068	4
2069	20
2070	23
2071	8
2072	9
2073	6
2074	9
2075	25
2076	30
2077	16
2078	29
2079	8
2080	25
2081	11
2082	22
2083	20
2084	23
2085	8
2086	20
2087	22
2088	30
2089	8
2090	18
2091	14
2092	2
2093	10
2094	23
2095	12
2096	12
2097	8
2098	3
2099	10
2100	14
2101	30
2102	2
2103	29
2104	24
2105	7
2106	18
2107	16
2108	20
2109	28
2110	28
2111	10
2112	29
2113	27
2114	30
2115	18
2116	23
2117	30
2118	16
2119	23
2120	25
2121	26
2122	29
2123	20
2124	1
2125	16
2126	20
2127	22
2128	25
2129	26
2130	1
2131	23
2132	1
2133	22
2134	1
2135	24
2136	22
2137	25
2138	20
2139	28
2140	13
2141	23
2142	26
2143	27
2144	25
2145	30
2146	3
2147	14
2148	23
2149	3
2150	14
2151	24
2152	20
2153	20
2154	5
2155	21
2156	26
2157	7
2158	15
2159	20
2160	14
2161	8
2162	26
2163	14
2164	30
2165	29
2166	8
2167	7
2168	11
2169	7
2170	14
2171	29
2172	19
2173	3
2174	8
2175	12
2176	20
2177	16
2178	2
2179	23
2180	29
2181	23
2182	2
2183	30
2184	30
2185	20
2186	20
2187	16
2188	7
2189	16
2190	23
2191	15
2192	30
2193	22
2194	14
2195	13
2196	4
2197	14
2198	1
2199	23
2200	3
2201	12
2202	3
2203	22
2204	18
2205	14
2206	29
2207	7
2208	20
2209	6
2210	16
2211	29
2212	28
2213	4
2214	29
2215	8
2216	18
2217	21
2218	23
2219	18
2220	22
2221	4
2222	26
2223	3
2224	8
2225	8
2226	18
2227	14
2228	22
2229	18
2230	29
2231	22
2232	26
2233	8
2234	19
2235	11
2236	30
2237	14
2238	29
2239	6
2240	25
2241	22
2242	8
2243	29
2244	15
2245	26
2246	17
2247	27
2248	21
2249	18
2250	2
2251	20
2252	22
2253	21
2254	18
2255	30
2256	4
2257	7
2258	27
2259	29
2260	3
2261	18
2262	22
2263	13
2264	7
2265	20
2266	8
2267	8
2268	30
2269	8
2270	16
2271	5
2272	13
2273	1
2274	20
2275	30
2276	22
2277	16
2278	19
2279	19
2280	7
2281	3
2282	2
2283	20
2284	30
2285	20
2286	9
2287	16
2288	20
2289	29
2290	17
2291	22
2292	16
2293	3
2294	15
2295	27
2296	3
2297	5
2298	24
2299	6
2300	14
2301	25
2302	16
2303	30
2304	29
2305	5
2306	23
2307	13
2308	2
2309	14
2310	26
2311	22
2312	11
2313	28
2314	3
2315	19
2316	5
2317	25
2318	6
2319	20
2320	10
2321	30
2322	30
2323	22
2324	26
2325	23
2326	30
2327	9
2328	30
2329	26
2330	10
2331	3
2332	30
2333	9
2334	15
2335	11
2336	11
2337	7
2338	5
2339	29
2340	7
2341	4
2342	13
2343	18
2344	22
2345	18
2346	23
2347	7
2348	16
2349	22
2350	8
2351	3
2352	19
2353	3
2354	20
2355	18
2356	12
2357	19
2358	30
2359	28
2360	16
2361	10
2362	19
2363	14
2364	12
2365	12
2366	16
2367	27
2368	3
2369	22
2370	15
2371	11
2372	8
2373	16
2374	13
2375	20
2376	20
2377	30
2378	30
2379	4
2380	1
2381	22
2382	26
2383	17
2384	28
2385	9
2386	29
2387	8
2388	23
2389	14
2390	16
2391	2
2392	6
2393	4
2394	1
2395	25
2396	18
2397	16
2398	21
2399	2
2400	10
2401	23
2402	19
2403	29
2404	26
2405	24
2406	22
2407	4
2408	12
2409	13
2410	30
2411	23
2412	9
2413	21
2414	7
2415	1
2416	17
2417	10
2418	9
2419	23
2420	26
2421	8
2422	12
2423	18
2424	23
2425	4
2426	10
2427	25
2428	27
2429	14
2430	16
2431	29
2432	10
2433	12
2434	4
2435	6
2436	14
2437	16
2438	16
2439	20
2440	9
2441	4
2442	26
2443	11
2444	11
2445	10
2446	16
2447	23
2448	30
2449	26
2450	14
2451	22
2452	17
2453	18
2454	14
2455	27
2456	1
2457	19
2458	9
2459	2
2460	21
2461	28
2462	20
2463	14
2464	23
2465	8
2466	29
2467	12
2468	27
2469	28
2470	26
2471	29
2472	22
2473	15
2474	6
2475	27
2476	1
2477	30
2478	8
2479	3
2480	25
2481	2
2482	22
2483	30
2484	21
2485	23
2486	18
2487	18
2488	29
2489	26
2490	22
2491	16
2492	20
2493	30
2494	29
2495	20
2496	18
2497	14
2498	9
2499	18
2500	28
2501	16
2502	27
2503	2
2504	7
2505	13
2506	8
2507	13
2508	1
2509	4
2510	23
2511	30
2512	6
2513	3
2514	29
2515	30
2516	23
2517	30
2518	4
2519	20
2520	18
2521	12
2522	22
2523	28
2524	24
2525	18
2526	7
2527	4
2528	2
2529	11
2530	27
2531	9
2532	19
2533	18
2534	18
2535	18
2536	2
2537	30
2538	26
2539	11
2540	16
2541	8
2542	28
2543	20
2544	27
2545	29
2546	10
2547	18
2548	21
2549	29
2550	16
2551	17
2552	6
2553	16
2554	22
2555	28
2556	10
2557	10
2558	22
2559	20
2560	10
2561	29
2562	20
2563	23
2564	17
2565	8
2566	14
2567	27
2568	20
2569	15
2570	16
2571	16
2572	7
2573	18
2574	2
2575	29
2576	21
2577	4
2578	19
2579	20
2580	20
2581	17
2582	1
2583	23
2584	8
2585	28
2586	3
2587	11
2588	8
2589	29
2590	27
2591	22
2592	1
2593	10
2594	20
2595	18
2596	28
2597	14
2598	14
2599	27
2600	8
2601	16
2602	16
2603	20
2604	14
2605	2
2606	23
2607	2
2608	24
2609	30
2610	10
2611	28
2612	2
2613	9
2614	3
2615	22
2616	26
2617	24
2618	22
2619	17
2620	29
2621	30
2622	9
2623	14
2624	30
2625	28
2626	20
2627	20
2628	16
2629	29
2630	22
2631	15
2632	7
2633	5
2634	16
2635	7
2636	28
2637	2
2638	27
2639	16
2640	23
2641	10
2642	23
2643	18
2644	22
2645	18
2646	8
2647	18
2648	4
2649	11
2650	20
2651	9
2652	20
2653	5
2654	12
2655	14
2656	1
2657	16
2658	28
2659	10
2660	22
2661	17
2662	29
2663	3
2664	13
2665	6
2666	5
2667	19
2668	16
2669	3
2670	23
2671	17
2672	4
2673	11
2674	25
2675	25
2676	14
2677	21
2678	15
2679	22
2680	20
2681	25
2682	25
2683	2
2684	14
2685	1
2686	14
2687	11
2688	11
2689	24
2690	20
2691	1
2692	16
2693	9
2694	13
2695	25
2696	5
2697	9
2698	1
2699	16
2700	14
2701	18
2702	16
2703	22
2704	27
2705	5
2706	22
2707	30
2708	18
2709	5
2710	18
2711	21
2712	8
2713	5
2714	1
2715	11
2716	14
2717	1
2718	8
2719	27
2720	14
2721	28
2722	28
2723	13
2724	2
2725	28
2726	14
2727	13
2728	4
2729	4
2730	8
2731	5
2732	1
2733	18
2734	3
2735	19
2736	29
2737	8
2738	17
2739	1
2740	8
2741	18
2742	12
2743	6
2744	14
2745	10
2746	1
2747	27
2748	22
2749	16
2750	4
2751	22
2752	29
2753	23
2754	28
2755	18
2756	15
2757	2
2758	1
2759	1
2760	30
2761	29
2762	1
2763	16
2764	27
2765	15
2766	17
2767	19
2768	30
2769	27
2770	19
2771	9
2772	4
2773	18
2774	17
2775	5
2776	23
2777	19
2778	18
2779	22
2780	16
2781	8
2782	12
2783	1
2784	17
2785	8
2786	14
2787	13
2788	8
2789	29
2790	22
2791	1
2792	22
2793	8
2794	22
2795	22
2796	9
2797	19
2798	22
2799	23
2800	11
2801	6
2802	2
2803	23
2804	7
2805	14
2806	17
2807	30
2808	19
2809	19
2810	28
2811	19
2812	14
2813	26
2814	28
2815	25
2816	8
2817	22
2818	14
2819	28
2820	22
2821	17
2822	30
2823	19
2824	3
2825	29
2826	23
2827	29
2828	27
2829	8
2830	8
2831	16
2832	28
2833	27
2834	17
2835	19
2836	28
2837	19
2838	24
2839	21
2840	14
2841	24
2842	19
2843	4
2844	14
2845	28
2846	3
2847	22
2848	9
2849	22
2850	25
2851	26
2852	30
2853	30
2854	12
2855	26
2856	23
2857	30
2858	14
2859	5
2860	22
2861	3
2862	20
2863	20
2864	10
2865	29
2866	14
2867	4
2868	10
2869	20
2870	17
2871	30
2872	20
2873	25
2874	23
2875	28
2876	8
2877	5
2878	18
2879	22
2880	3
2881	5
2882	1
2883	14
2884	20
2885	2
2886	12
2887	28
2888	8
2889	18
2890	1
2891	14
2892	6
2893	23
2894	30
2895	8
2896	22
2897	8
2898	17
2899	27
2900	28
2901	30
2902	12
2903	15
2904	8
2905	27
2906	7
2907	3
2908	3
2909	26
2910	25
2911	22
2912	23
2913	14
2914	1
2915	19
2916	14
2917	8
2918	14
2919	5
2920	30
2921	9
2922	1
2923	10
2924	26
2925	23
2926	8
2927	16
2928	13
2929	18
2930	28
2931	22
2932	25
2933	21
2934	18
2935	21
2936	18
2937	22
2938	5
2939	23
2940	28
2941	8
2942	23
2943	14
2944	22
2945	28
2946	8
2947	15
2948	9
2949	27
2950	10
2951	13
2952	16
2953	20
2954	9
2955	9
2956	29
2957	28
2958	25
2959	30
2960	29
2961	15
2962	23
2963	20
2964	16
2965	17
2966	23
2967	14
2968	23
2969	7
2970	18
2971	25
2972	20
2973	19
2974	30
2975	1
2976	28
2977	21
2978	19
2979	8
2980	21
2981	19
2982	14
2983	13
2984	8
2985	5
2986	24
2987	18
2988	1
2989	25
2990	6
2991	23
2992	29
2993	23
2994	9
2995	22
2996	22
2997	8
2998	14
2999	16
3000	17
3001	2
3002	9
3003	16
3004	18
3005	4
3006	4
3007	21
3008	17
3009	25
3010	18
3011	16
3012	17
3013	28
3014	29
3015	20
3016	30
3017	30
3018	30
3019	22
3020	8
3021	2
3022	16
3023	17
3024	23
3025	18
3026	21
3027	29
3028	2
3029	30
3030	19
3031	18
3032	16
3033	16
3034	21
3035	26
3036	12
3037	26
3038	14
3039	1
3040	22
3041	17
3042	19
3043	16
3044	16
3045	29
3046	1
3047	8
3048	3
3049	25
3050	28
3051	25
3052	28
3053	1
3054	20
3055	18
3056	3
3057	8
3058	28
3059	17
3060	8
3061	20
3062	30
3063	18
3064	28
3065	1
3066	7
3067	20
3068	17
3069	2
3070	1
3071	15
3072	7
3073	23
3074	28
3075	30
3076	1
3077	3
3078	26
3079	2
3080	29
3081	14
3082	22
3083	1
3084	3
3085	22
3086	1
3087	21
3088	30
3089	1
3090	25
3091	16
3092	12
3093	22
3094	17
3095	12
3096	24
3097	20
3098	23
3099	14
3100	4
3101	8
3102	19
3103	28
3104	25
3105	2
3106	27
3107	28
3108	1
3109	23
3110	8
3111	2
3112	20
3113	22
3114	7
3115	17
3116	28
3117	27
3118	9
3119	11
3120	24
3121	1
3122	3
3123	27
3124	2
3125	2
3126	22
3127	3
3128	22
3129	1
3130	18
3131	30
3132	20
3133	19
3134	18
3135	29
3136	2
3137	21
3138	7
3139	10
3140	20
3141	29
3142	30
3143	14
3144	6
3145	15
3146	1
3147	9
3148	9
3149	16
3150	23
3151	6
3152	14
3153	23
3154	3
3155	23
3156	26
3157	23
3158	20
3159	1
3160	24
3161	11
3162	29
3163	22
3164	29
3165	10
3166	13
3167	30
3168	28
3169	30
3170	12
3171	8
3172	18
3173	15
3174	12
3175	24
3176	27
3177	3
3178	12
3179	15
3180	13
3181	30
3182	15
3183	3
3184	7
3185	5
3186	3
3187	30
3188	12
3189	2
3190	14
3191	13
3192	16
3193	10
3194	7
3195	24
3196	29
3197	15
3198	29
3199	29
3200	29
3201	25
3202	17
3203	23
3204	3
3205	2
3206	2
3207	1
3208	29
3209	18
3210	17
3211	30
3212	1
3213	27
3214	23
3215	4
3216	30
3217	19
3218	23
3219	22
3220	22
3221	28
3222	29
3223	5
3224	24
3225	14
3226	1
3227	3
3228	3
3229	2
3230	3
3231	12
3232	16
3233	3
3234	16
3235	23
3236	18
3237	30
3238	21
3239	23
3240	5
3241	23
3242	24
3243	14
3244	23
3245	1
3246	15
3247	10
3248	2
3249	30
3250	20
3251	16
3252	15
3253	15
3254	15
3255	18
3256	30
3257	29
3258	15
3259	20
3260	18
3261	29
3262	30
3263	30
3264	8
3265	25
3266	1
3267	16
3268	1
3269	4
3270	21
3271	18
3272	2
3273	26
3274	17
3275	23
3276	14
3277	29
3278	3
3279	14
3280	29
3281	28
3282	20
3283	23
3284	13
3285	30
3286	5
3287	8
3288	8
3289	30
3290	28
3291	22
3292	14
3293	20
3294	1
3295	20
3296	30
3297	3
3298	8
3299	8
3300	21
3301	26
3302	28
3303	1
3304	22
3305	24
3306	2
3307	15
3308	18
3309	19
3310	3
3311	1
3312	18
3313	25
3314	2
3315	19
3316	15
3317	8
3318	10
3319	12
3320	21
3321	9
3322	19
3323	14
3324	6
3325	23
3326	14
3327	18
3328	17
3329	6
3330	17
3331	12
3332	5
3333	2
3334	17
3335	2
3336	7
3337	28
3338	30
3339	1
3340	20
3341	3
3342	13
3343	17
3344	30
3345	22
3346	14
3347	28
3348	11
3349	2
3350	27
3351	17
3352	15
3353	2
3354	19
3355	22
3356	29
3357	3
3358	16
3359	9
3360	8
3361	1
3362	30
3363	19
3364	1
3365	29
3366	3
3367	25
3368	15
3369	24
3370	14
3371	14
3372	20
3373	18
3374	19
3375	22
3376	17
3377	14
3378	12
3379	3
3380	22
3381	28
3382	14
3383	3
3384	20
3385	12
3386	19
3387	23
3388	16
3389	5
3390	5
3391	21
3392	22
3393	30
3394	3
3395	12
3396	18
3397	11
3398	12
3399	2
3400	19
3401	3
3402	9
3403	24
3404	29
3405	16
3406	29
3407	17
3408	3
3409	17
3410	22
3411	16
3412	20
3413	14
3414	30
3415	13
3416	16
3417	24
3418	20
3419	11
3420	16
3421	8
3422	11
3423	5
3424	22
3425	6
3426	18
3427	16
3428	26
3429	1
3430	14
3431	11
3432	28
3433	11
3434	30
3435	18
3436	11
3437	28
3438	8
3439	10
3440	30
3441	29
3442	1
3443	23
3444	21
3445	25
3446	28
3447	28
3448	3
3449	29
3450	3
3451	2
3452	11
3453	19
3454	28
3455	14
3456	29
3457	19
3458	7
3459	20
3460	30
3461	16
3462	5
3463	28
3464	19
3465	30
3466	17
3467	15
3468	3
3469	17
3470	9
3471	5
3472	18
3473	18
3474	18
3475	13
3476	23
3477	1
3478	24
3479	14
3480	10
3481	18
3482	6
3483	17
3484	6
3485	19
3486	1
3487	15
3488	13
3489	10
3490	28
3491	9
3492	6
3493	17
3494	24
3495	16
3496	19
3497	8
3498	11
3499	14
3500	16
3501	30
3502	16
3503	6
3504	2
3505	20
3506	26
3507	28
3508	18
3509	15
3510	19
3511	28
3512	28
3513	15
3514	24
3515	1
3516	28
3517	14
3518	12
3519	17
3520	18
3521	26
3522	29
3523	30
3524	16
3525	14
3526	23
3527	4
3528	14
3529	29
3530	26
3531	7
3532	28
3533	16
3534	18
3535	16
3536	22
3537	13
3538	2
3539	14
3540	21
3541	16
3542	19
3543	2
3544	29
3545	28
3546	12
3547	5
3548	8
3549	23
3550	17
3551	3
3552	1
3553	3
3554	12
3555	1
3556	20
3557	14
3558	19
3559	23
3560	11
3561	20
3562	25
3563	26
3564	1
3565	16
3566	22
3567	14
3568	2
3569	10
3570	28
3571	30
3572	26
3573	14
3574	17
3575	2
3576	13
3577	12
3578	24
3579	15
3580	13
3581	16
3582	21
3583	22
3584	15
3585	12
3586	9
3587	8
3588	1
3589	12
3590	17
3591	23
3592	18
3593	11
3594	14
3595	12
3596	29
3597	2
3598	22
3599	10
3600	21
3601	15
3602	1
3603	12
3604	22
3605	18
3606	14
3607	5
3608	25
3609	14
3610	23
3611	18
3612	20
3613	3
3614	2
3615	6
3616	16
3617	22
3618	8
3619	28
3620	19
3621	2
3622	15
3623	15
3624	10
3625	27
3626	1
3627	18
3628	11
3629	1
3630	3
3631	23
3632	22
3633	17
3634	29
3635	19
3636	4
3637	10
3638	28
3639	2
3640	8
3641	16
3642	1
3643	30
3644	4
3645	12
3646	14
3647	3
3648	7
3649	28
3650	25
3651	27
3652	29
3653	15
3654	19
3655	3
3656	21
3657	14
3658	20
3659	25
3660	26
3661	1
3662	2
3663	15
3664	29
3665	29
3666	6
3667	21
3668	8
3669	28
3670	20
3671	13
3672	17
3673	30
3674	24
3675	29
3676	13
3677	17
3678	14
3679	8
3680	14
3681	24
3682	3
3683	8
3684	20
3685	12
3686	18
3687	7
3688	29
3689	21
3690	15
3691	15
3692	19
3693	2
3694	9
3695	2
3696	25
3697	29
3698	14
3699	20
3700	7
3701	27
3702	9
3703	15
3704	30
3705	18
3706	2
3707	26
3708	18
3709	28
3710	8
3711	12
3712	11
3713	12
3714	25
3715	26
3716	24
3717	12
3718	15
3719	24
3720	3
3721	30
3722	8
3723	14
3724	17
3725	28
3726	1
3727	15
3728	24
3729	24
3730	4
3731	30
3732	28
3733	12
3734	2
3735	6
3736	28
3737	27
3738	21
3739	23
3740	24
3741	19
3742	6
3743	8
3744	19
3745	8
3746	25
3747	1
3748	23
3749	25
3750	11
3751	16
3752	24
3753	14
3754	21
3755	3
3756	28
3757	28
3758	26
3759	8
3760	21
3761	18
3762	19
3763	18
3764	28
3765	3
3766	12
3767	12
3768	24
3769	24
3770	15
3771	25
3772	5
3773	19
3774	16
3775	21
3776	1
3777	1
3778	30
3779	1
3780	25
3781	19
3782	19
3783	27
3784	8
3785	22
3786	15
3787	6
3788	25
3789	3
3790	28
3791	19
3792	19
3793	21
3794	3
3795	21
3796	25
3797	7
3798	23
3799	25
3800	17
3801	16
3802	25
3803	23
3804	28
3805	30
3806	3
3807	1
3808	15
3809	9
3810	24
3811	16
3812	28
3813	19
3814	21
3815	20
3816	29
3817	12
3818	1
3819	4
3820	18
3821	21
3822	26
3823	1
3824	30
3825	28
3826	22
3827	14
3828	5
3829	5
3830	1
3831	16
3832	23
3833	8
3834	1
3835	8
3836	15
3837	6
3838	2
3839	5
3840	18
3841	16
3842	16
3843	15
3844	8
3845	15
3846	3
3847	2
3848	19
3849	8
3850	17
3851	3
3852	17
3853	28
3854	14
3855	8
3856	20
3857	23
3858	15
3859	16
3860	28
3861	17
3862	1
3863	8
3864	17
3865	14
3866	21
3867	8
3868	25
3869	30
3870	24
3871	8
3872	23
3873	25
3874	15
3875	22
3876	9
3877	28
3878	22
3879	23
3880	1
3881	16
3882	14
3883	7
3884	8
3885	27
3886	12
3887	15
3888	2
3889	1
3890	30
3891	14
3892	6
3893	16
3894	10
3895	15
3896	14
3897	12
3898	17
3899	16
3900	19
3901	22
3902	14
3903	25
3904	1
3905	5
3906	16
3907	1
3908	3
3909	19
3910	30
3911	19
3912	14
3913	18
3914	6
3915	28
3916	24
3917	15
3918	21
3919	18
3920	23
3921	20
3922	22
3923	3
3924	7
3925	7
3926	28
3927	21
3928	15
3929	1
3930	3
3931	9
3932	7
3933	12
3934	25
3935	16
3936	6
3937	9
3938	19
3939	20
3940	22
3941	23
3942	2
3943	30
3944	28
3945	12
3946	23
3947	16
3948	3
3949	24
3950	18
3951	8
3952	22
3953	9
3954	8
3955	19
3956	16
3957	14
3958	21
3959	20
3960	16
3961	25
3962	12
3963	16
3964	23
3965	20
3966	9
3967	2
3968	17
3969	6
3970	14
3971	5
3972	19
3973	16
3974	8
3975	9
3976	29
3977	2
3978	12
3979	19
3980	3
3981	5
3982	20
3983	7
3984	14
3985	20
3986	2
3987	30
3988	28
3989	19
3990	9
3991	21
3992	1
3993	12
3994	23
3995	5
3996	4
3997	19
3998	18
3999	20
4000	16
4001	17
4002	23
4003	9
4004	25
4005	21
4006	18
4007	2
4008	22
4009	22
4010	7
4011	8
4012	4
4013	21
4014	6
4015	12
4016	1
4017	16
4018	16
4019	6
4020	30
4021	15
4022	25
4023	15
4024	20
4025	17
4026	15
4027	1
4028	8
4029	15
4030	6
4031	22
4032	14
4033	28
4034	6
4035	20
4036	19
4037	28
4038	6
4039	5
4040	9
4041	16
4042	18
4043	24
4044	5
4045	17
4046	5
4047	20
4048	6
4049	14
4050	23
4051	30
4052	29
4053	25
4054	23
4055	19
4056	29
4057	29
4058	9
4059	9
4060	18
4061	28
4062	12
4063	16
4064	8
4065	23
4066	19
4067	21
4068	9
4069	17
4070	27
4071	13
4072	28
4073	1
4074	23
4075	5
4076	20
4077	6
4078	17
4079	3
4080	3
4081	20
4082	7
4083	23
4084	1
4085	16
4086	18
4087	12
4088	12
4089	14
4090	27
4091	24
4092	16
4093	1
4094	12
4095	26
4096	28
4097	8
4098	14
4099	8
4100	22
4101	25
4102	30
4103	8
4104	18
4105	3
4106	15
4107	1
4108	29
4109	7
4110	1
4111	10
4112	3
4113	17
4114	24
4115	7
4116	14
4117	9
4118	3
4119	23
4120	20
4121	13
4122	18
4123	3
4124	2
4125	9
4126	21
4127	22
4128	9
4129	12
4130	14
4131	2
4132	28
4133	17
4134	25
4135	8
4136	15
4137	8
4138	15
4139	28
4140	18
4141	14
4142	6
4143	29
4144	22
4145	18
4146	20
4147	18
4148	29
4149	19
4150	23
4151	19
4152	6
4153	8
4154	30
4155	16
4156	21
4157	19
4158	20
4159	1
4160	19
4161	25
4162	25
4163	23
4164	2
4165	22
4166	6
4167	14
4168	25
4169	14
4170	2
4171	2
4172	12
4173	14
4174	27
4175	22
4176	23
4177	8
4178	29
4179	2
4180	17
4181	21
4182	6
4183	25
4184	18
4185	30
4186	11
4187	26
4188	26
4189	16
4190	15
4191	17
4192	25
4193	16
4194	12
4195	9
4196	5
4197	16
4198	23
4199	23
4200	16
4201	28
4202	18
4203	25
4204	16
4205	17
4206	15
4207	21
4208	25
4209	5
4210	7
4211	7
4212	22
4213	19
4214	24
4215	15
4216	12
4217	8
4218	27
4219	24
4220	15
4221	22
4222	20
4223	8
4224	5
4225	20
4226	30
4227	7
4228	1
4229	9
4230	24
4231	6
4232	7
4233	30
4234	19
4235	7
4236	25
4237	14
4238	6
4239	27
4240	20
4241	30
4242	15
4243	17
4244	15
4245	6
4246	18
4247	19
4248	18
4249	28
4250	17
4251	12
4252	20
4253	12
4254	14
4255	27
4256	7
4257	7
4258	28
4259	4
4260	9
4261	27
4262	21
4263	29
4264	30
4265	19
4266	6
4267	8
4268	17
4269	21
4270	24
4271	24
4272	19
4273	20
4274	11
4275	5
4276	22
4277	9
4278	12
4279	2
4280	8
4281	2
4282	2
4283	14
4284	26
4285	14
4286	26
4287	1
4288	1
4289	9
4290	5
4291	17
4292	7
4293	9
4294	18
4295	26
4296	9
4297	8
4298	25
4299	27
4300	5
4301	25
4302	5
4303	25
4304	30
4305	28
4306	8
4307	27
4308	16
4309	6
4310	21
4311	21
4312	3
4313	14
4314	19
4315	19
4316	29
4317	3
4318	24
4319	22
4320	7
4321	1
4322	6
4323	3
4324	9
4325	21
4326	5
4327	28
4328	26
4329	27
4330	19
4331	23
4332	27
4333	5
4334	3
4335	6
4336	27
4337	17
4338	25
4339	10
4340	21
4341	2
4342	29
4343	22
4344	23
4345	21
4346	30
4347	26
4348	25
4349	2
4350	11
4351	21
4352	25
4353	7
4354	14
4355	3
4356	23
4357	30
4358	19
4359	16
4360	16
4361	19
4362	3
4363	14
4364	19
4365	14
4366	3
4367	24
4368	29
4369	11
4370	7
4371	18
4372	3
4373	16
4374	5
4375	14
4376	22
4377	29
4378	6
4379	6
4380	14
4381	7
4382	26
4383	3
4384	24
4385	8
4386	28
4387	22
4388	21
4389	6
4390	24
4391	17
4392	30
4393	3
4394	23
4395	30
4396	26
4397	30
4398	2
4399	20
4400	30
4401	1
4402	21
4403	29
4404	23
4405	2
4406	3
4407	28
4408	30
4409	8
4410	21
4411	18
4412	27
4413	9
4414	18
4415	14
4416	26
4417	14
4418	22
4419	16
4420	28
4421	3
4422	25
4423	29
4424	1
4425	23
4426	21
4427	3
4428	3
4429	29
4430	7
4431	15
4432	8
4433	24
4434	7
4435	18
4436	30
4437	25
4438	7
4439	17
4440	15
4441	21
4442	1
4443	20
4444	24
4445	14
4446	3
4447	8
4448	15
4449	14
4450	6
4451	27
4452	19
4453	16
4454	9
4455	24
4456	8
4457	13
4458	12
4459	21
4460	17
4461	12
4462	3
4463	2
4464	26
4465	15
4466	27
4467	5
4468	18
4469	16
4470	13
4471	7
4472	14
4473	15
4474	13
4475	3
4476	22
4477	21
4478	26
4479	29
4480	27
4481	9
4482	29
4483	20
4484	23
4485	26
4486	26
4487	15
4488	12
4489	7
4490	15
4491	24
4492	28
4493	2
4494	9
4495	19
4496	2
4497	26
4498	2
4499	20
4500	29
4501	12
4502	21
4503	3
4504	27
4505	7
4506	9
4507	28
4508	23
4509	22
4510	13
4511	20
4512	2
4513	18
4514	20
4515	19
4516	27
4517	21
4518	20
4519	3
4520	26
4521	7
4522	12
4523	3
4524	22
4525	15
4526	30
4527	29
4528	27
4529	30
4530	27
4531	12
4532	29
4533	23
4534	27
4535	26
4536	13
4537	15
4538	16
4539	22
4540	16
4541	23
4542	22
4543	14
4544	7
4545	16
4546	2
4547	19
4548	21
4549	12
4550	9
4551	25
4552	28
4553	21
4554	20
4555	25
4556	26
4557	28
4558	2
4559	15
4560	18
4561	16
4562	2
4563	19
4564	26
4565	25
4566	23
4567	23
4568	7
4569	22
4570	6
4571	20
4572	12
4573	23
4574	18
4575	1
4576	19
4577	13
4578	30
4579	24
4580	17
4581	9
4582	7
4583	2
4584	2
4585	19
4586	22
4587	23
4588	11
4589	25
4590	6
4591	17
4592	17
4593	21
4594	16
4595	19
4596	14
4597	26
4598	13
4599	17
4600	12
4601	10
4602	2
4603	29
4604	12
4605	11
4606	19
4607	2
4608	23
4609	28
4610	4
4611	22
4612	5
4613	9
4614	19
4615	1
4616	20
4617	2
4618	27
4619	27
4620	21
4621	17
4622	16
4623	28
4624	4
4625	6
4626	2
4627	16
4628	4
4629	8
4630	16
4631	26
4632	4
4633	25
4634	15
4635	5
4636	12
4637	29
4638	11
4639	19
4640	8
4641	1
4642	25
4643	12
4644	5
4645	12
4646	9
4647	18
4648	11
4649	6
4650	22
4651	4
4652	11
4653	29
4654	16
4655	5
4656	9
4657	17
4658	3
4659	25
4660	12
4661	2
4662	11
4663	16
4664	11
4665	15
4666	13
4667	27
4668	16
4669	27
4670	23
4671	27
4672	10
4673	19
4674	27
4675	7
4676	16
4677	23
4678	7
4679	15
4680	6
4681	27
4682	22
4683	11
4684	4
4685	18
4686	25
4687	19
4688	19
4689	30
4690	30
4691	24
4692	23
4693	2
4694	17
4695	11
4696	20
4697	1
4698	3
4699	9
4700	13
4701	27
4702	21
4703	22
4704	5
4705	9
4706	3
4707	7
4708	26
4709	15
4710	4
4711	26
4712	1
4713	13
4714	13
4715	16
4716	30
4717	4
4718	16
4719	11
4720	3
4721	17
4722	3
4723	18
4724	2
4725	6
4726	27
4727	27
4728	19
4729	15
4730	21
4731	23
4732	19
4733	1
4734	17
4735	25
4736	29
4737	1
4738	13
4739	16
4740	30
4741	20
4742	2
4743	22
4744	26
4745	30
4746	21
4747	16
4748	10
4749	1
4750	28
4751	15
4752	18
4753	18
4754	10
4755	10
4756	7
4757	19
4758	15
4759	1
4760	22
4761	18
4762	22
4763	13
4764	11
4765	23
4766	7
4767	1
4768	8
4769	20
4770	26
4771	20
4772	13
4773	2
4774	11
4775	24
4776	27
4777	26
4778	4
4779	30
4780	22
4781	23
4782	28
4783	8
4784	24
4785	1
4786	3
4787	12
4788	28
4789	23
4790	10
4791	23
4792	15
4793	22
4794	21
4795	26
4796	9
4797	17
4798	1
4799	1
4800	5
4801	4
4802	16
4803	6
4804	30
4805	20
4806	27
4807	30
4808	26
4809	25
4810	20
4811	28
4812	9
4813	13
4814	16
4815	27
4816	3
4817	4
4818	17
4819	7
4820	15
4821	14
4822	6
4823	12
4824	8
4825	12
4826	9
4827	19
4828	8
4829	8
4830	16
4831	1
4832	3
4833	11
4834	2
4835	17
4836	21
4837	26
4838	27
4839	11
4840	21
4841	4
4842	22
4843	17
4844	15
4845	19
4846	2
4847	24
4848	30
4849	29
4850	11
4851	29
4852	6
4853	28
4854	21
4855	28
4856	14
4857	8
4858	8
4859	6
4860	23
4861	23
4862	15
4863	21
4864	16
4865	17
4866	30
4867	12
4868	19
4869	23
4870	7
4871	28
4872	1
4873	3
4874	16
4875	15
4876	24
4877	7
4878	8
4879	23
4880	27
4881	2
4882	30
4883	29
4884	17
4885	26
4886	8
4887	4
4888	13
4889	24
4890	7
4891	8
4892	3
4893	16
4894	12
4895	20
4896	14
4897	2
4898	7
4899	16
4900	2
4901	3
4902	6
4903	5
4904	22
4905	4
4906	23
4907	20
4908	25
4909	28
4910	29
4911	6
4912	5
4913	4
4914	17
4915	7
4916	1
4917	1
4918	3
4919	7
4920	24
4921	22
4922	10
4923	29
4924	17
4925	15
4926	15
4927	9
4928	15
4929	26
4930	28
4931	15
4932	22
4933	19
4934	4
4935	24
4936	2
4937	7
4938	7
4939	4
4940	7
4941	28
4942	21
4943	19
4944	8
4945	11
4946	9
4947	19
4948	12
4949	1
4950	15
4951	12
4952	3
4953	8
4954	19
4955	18
4956	15
4957	2
4958	19
4959	25
4960	10
4961	8
4962	25
4963	4
4964	2
4965	14
4966	5
4967	1
4968	15
4969	2
4970	28
4971	29
4972	7
4973	16
4974	17
4975	22
4976	12
4977	8
4978	21
4979	9
4980	26
4981	1
4982	22
4983	21
4984	25
4985	11
4986	24
4987	11
4988	8
4989	9
4990	6
4991	20
4992	28
4993	1
4994	25
4995	6
4996	23
4997	9
4998	17
4999	13
5000	24
