1	7
2	15
3	14
4	13
5	28
6	4
7	7
8	25
9	28
10	26
11	22
12	5
13	12
14	12
15	19
16	17
17	17
18	9
19	25
20	20
21	19
22	26
23	4
24	27
25	27
26	17
27	22
28	7
29	3
30	7
31	2
32	27
33	18
34	16
35	6
36	18
37	18
38	7
39	23
40	25
41	25
42	12
43	21
44	26
45	7
46	14
47	18
48	3
49	24
50	7
51	18
52	14
53	22
54	12
55	29
56	5
57	17
58	15
59	6
60	26
61	25
62	15
63	13
64	8
65	12
66	9
67	18
68	6
69	29
70	23
71	6
72	28
73	21
74	6
75	5
76	1
77	27
78	20
79	18
80	27
81	27
82	3
83	7
84	11
85	8
86	13
87	11
88	10
89	2
90	9
91	24
92	6
93	2
94	25
95	1
96	21
97	27
98	5
99	15
100	21
101	27
102	6
103	1
104	7
105	6
106	8
107	9
108	27
109	21
110	24
111	18
112	9
113	18
114	11
115	16
116	24
117	26
118	22
119	28
120	1
121	19
122	9
123	29
124	24
125	14
126	3
127	16
128	5
129	25
130	17
131	10
132	18
133	12
134	7
135	16
136	16
137	13
138	26
139	20
140	25
141	5
142	2
143	10
144	1
145	13
146	24
147	29
148	6
149	21
150	15
151	22
152	10
153	19
154	12
155	23
156	23
157	2
158	2
159	12
160	29
161	18
162	22
163	24
164	4
165	14
166	24
167	11
168	14
169	16
170	5
171	13
172	8
173	23
174	1
175	19
176	9
177	3
178	26
179	2
180	18
181	7
182	19
183	28
184	11
185	18
186	3
187	8
188	18
189	12
190	16
191	16
192	9
193	14
194	9
195	12
196	6
197	21
198	5
199	28
200	14
201	7
202	16
203	23
204	2
205	25
206	4
207	1
208	10
209	13
210	21
211	9
212	21
213	10
214	24
215	13
216	28
217	10
218	25
219	7
220	3
221	1
222	21
223	1
224	8
225	20
226	3
227	5
228	7
229	22
230	14
231	26
232	1
233	19
234	19
235	6
236	24
237	22
238	10
239	11
240	13
241	15
242	16
243	1
244	28
245	8
246	4
247	4
248	7
249	20
250	7
251	16
252	1
253	28
254	27
255	13
256	20
257	7
258	13
259	2
260	8
261	4
262	23
263	27
264	23
265	29
266	8
267	7
268	27
269	19
270	27
271	23
272	25
273	24
274	4
275	24
276	19
277	16
278	15
279	5
280	13
281	16
282	6
283	27
284	11
285	11
286	8
287	24
288	21
289	15
290	10
291	19
292	23
293	13
294	23
295	4
296	21
297	15
298	26
299	4
300	20
301	3
302	21
303	19
304	28
305	21
306	27
307	16
308	3
309	8
310	16
311	21
312	29
313	15
314	11
315	21
316	13
317	29
318	11
319	29
320	11
321	29
322	25
323	29
324	19
325	27
326	11
327	4
328	26
329	26
330	27
331	13
332	21
333	24
334	8
335	20
336	19
337	18
338	3
339	27
340	5
341	7
342	29
343	14
344	5
345	16
346	3
347	16
348	2
349	14
350	2
351	7
352	7
353	10
354	21
355	16
356	16
357	14
358	9
359	27
360	7
361	7
362	15
363	9
364	17
365	18
366	7
367	8
368	21
369	9
370	22
371	7
372	29
373	5
374	29
375	15
376	24
377	7
378	16
379	2
380	19
381	8
382	12
383	16
384	28
385	24
386	2
387	1
388	15
389	23
390	7
391	20
392	10
393	29
394	10
395	11
396	27
397	12
398	28
399	22
400	4
401	14
402	27
403	28
404	20
405	16
406	15
407	10
408	11
409	15
410	17
411	16
412	23
413	5
414	17
415	10
416	27
417	1
418	29
419	25
420	27
421	6
422	18
423	1
424	17
425	1
426	5
427	23
428	25
429	22
430	7
431	19
432	19
433	21
434	10
435	27
436	20
437	7
438	7
439	8
440	15
441	12
442	8
443	17
444	12
445	7
446	27
447	15
448	10
449	21
450	22
451	13
452	10
453	27
454	16
455	27
456	13
457	19
458	23
459	24
460	12
461	17
462	16
463	18
464	16
465	15
466	22
467	20
468	4
469	9
470	4
471	27
472	12
473	17
474	9
475	19
476	22
477	15
478	13
479	29
480	16
481	25
482	25
483	20
484	19
485	12
486	24
487	8
488	7
489	16
490	22
491	16
492	24
493	4
494	29
495	6
496	20
497	6
498	6
499	8
500	1
501	1
502	18
503	16
504	9
505	16
506	15
507	16
508	16
509	7
510	1
511	23
512	23
513	4
514	4
515	15
516	6
517	7
518	19
519	19
520	17
521	7
522	4
523	10
524	8
525	16
526	3
527	11
528	16
529	19
530	11
531	6
532	14
533	15
534	16
535	11
536	24
537	19
538	15
539	4
540	13
541	9
542	15
543	11
544	27
545	7
546	15
547	15
548	17
549	3
550	12
551	1
552	15
553	13
554	26
555	16
556	18
557	22
558	14
559	10
560	9
561	14
562	23
563	11
564	25
565	23
566	14
567	11
568	10
569	16
570	15
571	22
572	9
573	7
574	7
575	27
576	22
577	13
578	7
579	5
580	8
581	14
582	8
583	23
584	7
585	13
586	6
587	29
588	9
589	26
590	18
591	18
592	18
593	5
594	23
595	24
596	13
597	11
598	25
599	18
600	13
601	14
602	19
603	13
604	20
605	17
606	26
607	1
608	13
609	25
610	27
611	12
612	8
613	25
614	13
615	20
616	19
617	22
618	3
619	5
620	2
621	29
622	3
623	26
624	29
625	10
626	10
627	19
628	19
629	19
630	14
631	1
632	18
633	24
634	13
635	12
636	22
637	4
638	7
639	4
640	23
641	12
642	29
643	16
644	4
645	6
646	12
647	2
648	20
649	10
650	12
651	16
652	28
653	21
654	18
655	11
656	27
657	13
658	27
659	8
660	11
661	1
662	24
663	17
664	11
665	15
666	5
667	17
668	7
669	29
670	25
671	28
672	16
673	8
674	7
675	13
676	4
677	20
678	18
679	26
680	28
681	4
682	4
683	21
684	9
685	22
686	24
687	10
688	21
689	21
690	20
691	15
692	11
693	20
694	17
695	26
696	24
697	3
698	24
699	21
700	13
701	17
702	7
703	9
704	3
705	3
706	26
707	5
708	14
709	7
710	12
711	24
712	23
713	17
714	18
715	29
716	25
717	21
718	26
719	18
720	29
721	22
722	28
723	23
724	16
725	23
726	18
727	7
728	7
729	27
730	5
731	26
732	4
733	13
734	10
735	20
736	27
737	28
738	21
739	12
740	12
741	6
742	14
743	14
744	13
745	23
746	12
747	9
748	2
749	12
750	24
751	18
752	1
753	16
754	7
755	16
756	10
757	27
758	22
759	15
760	5
761	27
762	29
763	4
764	18
765	25
766	3
767	11
768	8
769	19
770	23
771	9
772	10
773	5
774	2
775	7
776	21
777	21
778	14
779	26
780	2
781	7
782	3
783	7
784	28
785	8
786	22
787	25
788	25
789	16
790	11
791	8
792	23
793	15
794	8
795	26
796	2
797	13
798	27
799	17
800	7
801	15
802	14
803	26
804	20
805	3
806	21
807	10
808	7
809	16
810	23
811	11
812	7
813	16
814	2
815	20
816	13
817	11
818	22
819	14
820	16
821	29
822	25
823	26
824	13
825	5
826	10
827	21
828	19
829	20
830	16
831	24
832	18
833	16
834	15
835	16
836	7
837	5
838	5
839	5
840	18
841	20
842	12
843	14
844	22
845	28
846	5
847	22
848	6
849	3
850	2
851	7
852	22
853	6
854	6
855	1
856	27
857	20
858	26
859	3
860	14
861	23
862	27
863	19
864	15
865	27
866	20
867	13
868	26
869	25
870	20
871	27
872	25
873	20
874	16
875	19
876	8
877	11
878	14
879	16
880	9
881	26
882	10
883	25
884	13
885	10
886	16
887	24
888	16
889	28
890	11
891	20
892	9
893	11
894	17
895	2
896	14
897	24
898	16
899	27
900	19
901	25
902	19
903	4
904	13
905	13
906	15
907	23
908	1
909	24
910	21
911	4
912	7
913	15
914	3
915	18
916	5
917	15
918	18
919	14
920	5
921	15
922	24
923	9
924	4
925	14
926	4
927	27
928	20
929	25
930	14
931	5
932	26
933	8
934	10
935	1
936	13
937	11
938	12
939	17
940	27
941	5
942	6
943	9
944	13
945	19
946	7
947	29
948	6
949	23
950	12
951	19
952	21
953	16
954	16
955	24
956	29
957	6
958	23
959	6
960	16
961	19
962	11
963	12
964	25
965	27
966	18
967	21
968	4
969	20
970	28
971	7
972	4
973	16
974	17
975	10
976	18
977	11
978	2
979	14
980	29
981	8
982	24
983	29
984	9
985	21
986	1
987	1
988	2
989	13
990	11
991	20
992	29
993	3
994	17
995	28
996	12
997	11
998	2
999	8
1000	8
1001	16
1002	12
1003	28
1004	23
1005	11
1006	22
1007	29
1008	2
1009	12
1010	20
1011	8
1012	3
1013	5
1014	7
1015	12
1016	23
1017	17
1018	21
1019	11
1020	13
1021	6
1022	7
1023	5
1024	25
1025	27
1026	3
1027	16
1028	16
1029	24
1030	25
1031	29
1032	24
1033	5
1034	2
1035	20
1036	17
1037	23
1038	7
1039	7
1040	21
1041	14
1042	25
1043	7
1044	1
1045	14
1046	10
1047	6
1048	28
1049	5
1050	6
1051	26
1052	20
1053	9
1054	11
1055	3
1056	28
1057	6
1058	16
1059	5
1060	21
1061	26
1062	25
1063	27
1064	13
1065	21
1066	29
1067	13
1068	20
1069	4
1070	11
1071	2
1072	26
1073	18
1074	5
1075	11
1076	20
1077	12
1078	24
1079	5
1080	10
1081	7
1082	22
1083	23
1084	6
1085	6
1086	21
1087	29
1088	13
1089	22
1090	26
1091	5
1092	8
1093	14
1094	20
1095	19
1096	24
1097	14
1098	10
1099	25
1100	10
1101	11
1102	18
1103	20
1104	8
1105	20
1106	25
1107	4
1108	16
1109	7
1110	6
1111	25
1112	17
1113	5
1114	1
1115	9
1116	11
1117	19
1118	20
1119	23
1120	3
1121	10
1122	13
1123	6
1124	8
1125	21
1126	5
1127	16
1128	11
1129	18
1130	16
1131	29
1132	6
1133	25
1134	2
1135	10
1136	17
1137	7
1138	18
1139	20
1140	5
1141	15
1142	5
1143	14
1144	18
1145	29
1146	4
1147	12
1148	3
1149	7
1150	25
1151	13
1152	23
1153	4
1154	21
1155	9
1156	16
1157	28
1158	3
1159	7
1160	19
1161	6
1162	14
1163	15
1164	6
1165	4
1166	21
1167	7
1168	12
1169	28
1170	26
1171	22
1172	7
1173	11
1174	20
1175	11
1176	4
1177	18
1178	25
1179	27
1180	29
1181	14
1182	8
1183	10
1184	24
1185	6
1186	12
1187	18
1188	13
1189	16
1190	15
1191	17
1192	11
1193	17
1194	22
1195	18
1196	28
1197	19
1198	14
1199	22
1200	7
1201	6
1202	5
1203	15
1204	1
1205	9
1206	9
1207	5
1208	4
1209	9
1210	7
1211	11
1212	14
1213	15
1214	22
1215	8
1216	7
1217	24
1218	15
1219	29
1220	25
1221	19
1222	16
1223	12
1224	16
1225	2
1226	16
1227	28
1228	18
1229	11
1230	19
1231	5
1232	17
1233	14
1234	15
1235	5
1236	11
1237	11
1238	10
1239	7
1240	21
1241	21
1242	9
1243	26
1244	26
1245	22
1246	23
1247	28
1248	23
1249	28
1250	7
1251	21
1252	6
1253	16
1254	14
1255	15
1256	20
1257	12
1258	9
1259	7
1260	29
1261	23
1262	2
1263	24
1264	7
1265	2
1266	19
1267	19
1268	29
1269	12
1270	24
1271	7
1272	28
1273	29
1274	29
1275	29
1276	19
1277	13
1278	22
1279	11
1280	11
1281	27
1282	29
1283	16
1284	14
1285	7
1286	26
1287	10
1288	6
1289	7
1290	23
1291	15
1292	19
1293	19
1294	27
1295	16
1296	25
1297	15
1298	26
1299	2
1300	2
1301	20
1302	5
1303	26
1304	19
1305	9
1306	11
1307	7
1308	7
1309	21
1310	2
1311	5
1312	28
1313	7
1314	29
1315	21
1316	7
1317	10
1318	4
1319	14
1320	26
1321	21
1322	18
1323	1
1324	28
1325	27
1326	21
1327	18
1328	13
1329	24
1330	20
1331	9
1332	9
1333	2
1334	20
1335	8
1336	19
1337	13
1338	29
1339	11
1340	5
1341	2
1342	3
1343	21
1344	25
1345	28
1346	9
1347	6
1348	19
1349	13
1350	2
1351	23
1352	8
1353	13
1354	8
1355	9
1356	13
1357	27
1358	28
1359	7
1360	15
1361	19
1362	15
1363	4
1364	26
1365	11
1366	8
1367	20
1368	16
1369	19
1370	9
1371	9
1372	6
1373	13
1374	26
1375	23
1376	16
1377	25
1378	14
1379	17
1380	10
1381	9
1382	10
1383	11
1384	20
1385	21
1386	9
1387	13
1388	17
1389	3
1390	27
1391	29
1392	21
1393	19
1394	20
1395	19
1396	28
1397	27
1398	19
1399	19
1400	16
1401	26
1402	29
1403	19
1404	19
1405	9
1406	7
1407	9
1408	18
1409	13
1410	28
1411	13
1412	26
1413	27
1414	20
1415	7
1416	29
1417	1
1418	16
1419	18
1420	28
1421	24
1422	19
1423	3
1424	29
1425	24
1426	21
1427	9
1428	9
1429	17
1430	23
1431	29
1432	16
1433	12
1434	23
1435	29
1436	7
1437	11
1438	2
1439	28
1440	18
1441	25
1442	14
1443	22
1444	25
1445	9
1446	19
1447	4
1448	16
1449	19
1450	29
1451	19
1452	1
1453	5
1454	28
1455	8
1456	15
1457	19
1458	9
1459	7
1460	7
1461	20
1462	17
1463	19
1464	27
1465	9
1466	28
1467	19
1468	16
1469	7
1470	10
1471	9
1472	15
1473	15
1474	28
1475	28
1476	15
1477	3
1478	6
1479	26
1480	28
1481	14
1482	5
1483	17
1484	19
1485	29
1486	23
1487	3
1488	16
1489	21
1490	20
1491	23
1492	2
1493	2
1494	12
1495	13
1496	19
1497	7
1498	24
1499	10
1500	14
1501	17
1502	23
1503	10
1504	3
1505	16
1506	1
1507	5
1508	13
1509	24
1510	3
1511	10
1512	26
1513	23
1514	23
1515	18
1516	23
1517	29
1518	10
1519	28
1520	4
1521	15
1522	19
1523	3
1524	23
1525	29
1526	26
1527	20
1528	20
1529	5
1530	9
1531	7
1532	15
1533	16
1534	9
1535	28
1536	22
1537	3
1538	23
1539	22
1540	16
1541	12
1542	16
1543	8
1544	1
1545	29
1546	19
1547	29
1548	1
1549	8
1550	17
1551	24
1552	6
1553	19
1554	19
1555	20
1556	3
1557	7
1558	13
1559	9
1560	7
1561	19
1562	24
1563	15
1564	8
1565	27
1566	3
1567	1
1568	23
1569	3
1570	24
1571	25
1572	12
1573	19
1574	19
1575	25
1576	8
1577	1
1578	14
1579	13
1580	23
1581	5
1582	3
1583	16
1584	10
1585	13
1586	3
1587	21
1588	16
1589	6
1590	20
1591	29
1592	11
1593	27
1594	10
1595	7
1596	8
1597	10
1598	13
1599	23
1600	29
1601	20
1602	14
1603	11
1604	6
1605	19
1606	16
1607	29
1608	6
1609	18
1610	20
1611	23
1612	19
1613	4
1614	11
1615	7
1616	21
1617	26
1618	19
1619	7
1620	19
1621	14
1622	29
1623	16
1624	25
1625	29
1626	17
1627	16
1628	13
1629	5
1630	13
1631	23
1632	25
1633	25
1634	6
1635	1
1636	14
1637	17
1638	5
1639	24
1640	7
1641	18
1642	23
1643	14
1644	10
1645	21
1646	28
1647	7
1648	2
1649	18
1650	10
1651	21
1652	16
1653	2
1654	18
1655	25
1656	15
1657	9
1658	3
1659	29
1660	19
1661	20
1662	2
1663	7
1664	13
1665	7
1666	15
1667	22
1668	13
1669	12
1670	5
1671	29
1672	9
1673	16
1674	9
1675	7
1676	28
1677	9
1678	20
1679	6
1680	19
1681	1
1682	16
1683	20
1684	9
1685	15
1686	17
1687	8
1688	11
1689	16
1690	6
1691	7
1692	4
1693	18
1694	4
1695	19
1696	1
1697	6
1698	29
1699	21
1700	27
1701	18
1702	27
1703	10
1704	3
1705	24
1706	8
1707	29
1708	12
1709	19
1710	19
1711	8
1712	3
1713	29
1714	19
1715	29
1716	27
1717	4
1718	26
1719	11
1720	28
1721	23
1722	26
1723	20
1724	14
1725	22
1726	15
1727	23
1728	17
1729	17
1730	22
1731	3
1732	26
1733	1
1734	2
1735	9
1736	7
1737	19
1738	27
1739	17
1740	28
1741	24
1742	16
1743	26
1744	13
1745	20
1746	10
1747	10
1748	26
1749	29
1750	6
1751	20
1752	2
1753	17
1754	29
1755	23
1756	11
1757	28
1758	9
1759	22
1760	16
1761	27
1762	13
1763	12
1764	6
1765	7
1766	16
1767	24
1768	15
1769	21
1770	16
1771	14
1772	28
1773	6
1774	21
1775	12
1776	11
1777	12
1778	18
1779	23
1780	2
1781	7
1782	25
1783	16
1784	7
1785	9
1786	28
1787	25
1788	13
1789	23
1790	13
1791	20
1792	28
1793	8
1794	9
1795	25
1796	1
1797	15
1798	9
1799	9
1800	23
1801	27
1802	16
1803	3
1804	12
1805	15
1806	2
1807	13
1808	7
1809	18
1810	29
1811	29
1812	22
1813	20
1814	2
1815	7
1816	13
1817	25
1818	18
1819	4
1820	18
1821	23
1822	20
1823	16
1824	23
1825	13
1826	10
1827	4
1828	9
1829	14
1830	7
1831	16
1832	24
1833	17
1834	26
1835	6
1836	11
1837	7
1838	14
1839	29
1840	2
1841	19
1842	16
1843	27
1844	14
1845	12
1846	16
1847	4
1848	7
1849	15
1850	10
1851	24
1852	8
1853	17
1854	19
1855	17
1856	7
1857	29
1858	22
1859	10
1860	23
1861	1
1862	26
1863	1
1864	2
1865	11
1866	23
1867	7
1868	7
1869	14
1870	28
1871	7
1872	9
1873	26
1874	8
1875	19
1876	12
1877	2
1878	9
1879	5
1880	4
1881	7
1882	24
1883	4
1884	29
1885	13
1886	5
1887	17
1888	20
1889	16
1890	23
1891	27
1892	23
1893	13
1894	10
1895	29
1896	25
1897	23
1898	21
1899	23
1900	12
1901	4
1902	29
1903	4
1904	9
1905	28
1906	23
1907	3
1908	7
1909	22
1910	9
1911	1
1912	28
1913	3
1914	25
1915	23
1916	16
1917	3
1918	6
1919	21
1920	23
1921	27
1922	7
1923	13
1924	8
1925	19
1926	4
1927	15
1928	21
1929	3
1930	5
1931	16
1932	1
1933	3
1934	19
1935	3
1936	26
1937	11
1938	23
1939	29
1940	17
1941	15
1942	9
1943	26
1944	8
1945	5
1946	2
1947	17
1948	25
1949	12
1950	12
1951	3
1952	5
1953	22
1954	6
1955	27
1956	3
1957	29
1958	9
1959	22
1960	29
1961	13
1962	27
1963	27
1964	16
1965	19
1966	12
1967	1
1968	7
1969	13
1970	9
1971	1
1972	16
1973	23
1974	8
1975	29
1976	27
1977	14
1978	13
1979	23
1980	16
1981	16
1982	27
1983	13
1984	17
1985	9
1986	14
1987	10
1988	14
1989	15
1990	21
1991	27
1992	16
1993	29
1994	23
1995	14
1996	3
1997	16
1998	26
1999	29
2000	25
2001	29
2002	3
2003	20
2004	1
2005	5
2006	14
2007	29
2008	16
2009	24
2010	3
2011	13
2012	17
2013	19
2014	13
2015	19
2016	15
2017	19
2018	24
2019	27
2020	24
2021	23
2022	4
2023	18
2024	24
2025	6
2026	12
2027	16
2028	15
2029	7
2030	7
2031	28
2032	16
2033	17
2034	21
2035	12
2036	23
2037	29
2038	29
2039	15
2040	9
2041	17
2042	14
2043	28
2044	8
2045	1
2046	7
2047	11
2048	26
2049	23
2050	19
2051	16
2052	18
2053	24
2054	24
2055	12
2056	24
2057	3
2058	24
2059	21
2060	21
2061	25
2062	16
2063	1
2064	3
2065	20
2066	12
2067	4
2068	3
2069	26
2070	28
2071	21
2072	7
2073	16
2074	7
2075	17
2076	11
2077	11
2078	3
2079	19
2080	5
2081	24
2082	13
2083	24
2084	29
2085	19
2086	24
2087	24
2088	3
2089	9
2090	16
2091	18
2092	29
2093	21
2094	12
2095	6
2096	7
2097	19
2098	8
2099	25
2100	10
2101	7
2102	7
2103	25
2104	5
2105	14
2106	4
2107	19
2108	16
2109	16
2110	9
2111	7
2112	10
2113	28
2114	16
2115	19
2116	19
2117	22
2118	24
2119	26
2120	14
2121	15
2122	3
2123	24
2124	7
2125	15
2126	25
2127	15
2128	15
2129	22
2130	23
2131	4
2132	2
2133	27
2134	1
2135	27
2136	7
2137	16
2138	7
2139	29
2140	12
2141	22
2142	24
2143	18
2144	26
2145	29
2146	5
2147	11
2148	24
2149	22
2150	25
2151	16
2152	14
2153	1
2154	15
2155	16
2156	24
2157	25
2158	15
2159	15
2160	17
2161	21
2162	3
2163	25
2164	2
2165	23
2166	25
2167	24
2168	7
2169	3
2170	1
2171	4
2172	4
2173	1
2174	16
2175	16
2176	9
2177	19
2178	17
2179	11
2180	3
2181	3
2182	26
2183	25
2184	20
2185	19
2186	19
2187	3
2188	3
2189	24
2190	19
2191	24
2192	6
2193	19
2194	6
2195	5
2196	20
2197	3
2198	15
2199	29
2200	23
2201	7
2202	18
2203	16
2204	9
2205	27
2206	22
2207	27
2208	29
2209	14
2210	19
2211	9
2212	4
2213	1
2214	24
2215	4
2216	24
2217	2
2218	22
2219	3
2220	23
2221	24
2222	12
2223	13
2224	10
2225	12
2226	3
2227	14
2228	24
2229	26
2230	1
2231	17
2232	9
2233	5
2234	13
2235	12
2236	16
2237	24
2238	21
2239	13
2240	16
2241	6
2242	6
2243	22
2244	10
2245	9
2246	7
2247	1
2248	14
2249	27
2250	13
2251	4
2252	29
2253	1
2254	19
2255	29
2256	12
2257	8
2258	19
2259	5
2260	26
2261	10
2262	19
2263	3
2264	6
2265	15
2266	24
2267	24
2268	18
2269	29
2270	10
2271	23
2272	20
2273	19
2274	23
2275	19
2276	9
2277	3
2278	29
2279	7
2280	27
2281	7
2282	26
2283	24
2284	28
2285	26
2286	29
2287	23
2288	19
2289	9
2290	15
2291	16
2292	26
2293	20
2294	24
2295	16
2296	24
2297	5
2298	21
2299	19
2300	24
2301	19
2302	10
2303	15
2304	17
2305	29
2306	22
2307	3
2308	24
2309	4
2310	15
2311	15
2312	3
2313	28
2314	22
2315	25
2316	9
2317	23
2318	27
2319	23
2320	7
2321	22
2322	6
2323	10
2324	29
2325	13
2326	23
2327	1
2328	29
2329	24
2330	29
2331	5
2332	23
2333	22
2334	25
2335	3
2336	27
2337	1
2338	13
2339	27
2340	7
2341	7
2342	29
2343	15
2344	23
2345	12
2346	21
2347	26
2348	27
2349	16
2350	9
2351	18
2352	3
2353	4
2354	19
2355	16
2356	14
2357	21
2358	24
2359	3
2360	9
2361	22
2362	16
2363	23
2364	6
2365	24
2366	16
2367	22
2368	9
2369	15
2370	20
2371	29
2372	23
2373	16
2374	24
2375	29
2376	17
2377	15
2378	16
2379	3
2380	9
2381	29
2382	19
2383	17
2384	8
2385	7
2386	19
2387	23
2388	3
2389	9
2390	15
2391	17
2392	29
2393	10
2394	26
2395	2
2396	1
2397	8
2398	5
2399	16
2400	15
2401	15
2402	6
2403	8
2404	4
2405	18
2406	19
2407	24
2408	23
2409	7
2410	20
2411	25
2412	25
2413	13
2414	21
2415	3
2416	1
2417	24
2418	25
2419	3
2420	25
2421	7
2422	19
2423	3
2424	14
2425	16
2426	9
2427	16
2428	6
2429	8
2430	24
2431	29
2432	16
2433	6
2434	23
2435	7
2436	6
2437	23
2438	17
2439	21
2440	14
2441	3
2442	11
2443	9
2444	19
2445	9
2446	20
2447	16
2448	23
2449	9
2450	9
2451	29
2452	14
2453	16
2454	19
2455	23
2456	3
2457	19
2458	9
2459	19
2460	1
2461	9
2462	17
2463	13
2464	2
2465	5
2466	15
2467	15
2468	3
2469	24
2470	13
2471	12
2472	20
2473	19
2474	27
2475	20
2476	29
2477	6
2478	5
2479	23
2480	18
2481	25
2482	24
2483	3
2484	7
2485	29
2486	23
2487	23
2488	19
2489	9
2490	21
2491	6
2492	15
2493	23
2494	17
2495	28
2496	3
2497	8
2498	14
2499	16
2500	14
2501	24
2502	3
2503	29
2504	19
2505	17
2506	3
2507	16
2508	3
2509	4
2510	5
2511	24
2512	20
2513	27
2514	9
2515	20
2516	5
2517	23
2518	19
2519	17
2520	25
2521	29
2522	6
2523	29
2524	29
2525	16
2526	28
2527	8
2528	23
2529	15
2530	23
2531	11
2532	23
2533	7
2534	21
2535	3
2536	13
2537	25
2538	18
2539	4
2540	22
2541	16
2542	2
2543	15
2544	8
2545	29
2546	22
2547	23
2548	12
2549	23
2550	29
2551	5
2552	23
2553	18
2554	24
2555	23
2556	19
2557	29
2558	18
2559	13
2560	28
2561	28
2562	9
2563	6
2564	3
2565	2
2566	22
2567	16
2568	7
2569	6
2570	27
2571	9
2572	9
2573	23
2574	9
2575	29
2576	3
2577	7
2578	7
2579	29
2580	7
2581	7
2582	3
2583	24
2584	16
2585	6
2586	5
2587	26
2588	15
2589	19
2590	9
2591	15
2592	15
2593	13
2594	5
2595	10
2596	26
2597	1
2598	23
2599	29
2600	16
2601	17
2602	4
2603	27
2604	11
2605	11
2606	19
2607	1
2608	10
2609	17
2610	14
2611	26
2612	29
2613	25
2614	3
2615	19
2616	1
2617	16
2618	25
2619	24
2620	22
2621	28
2622	19
2623	9
2624	15
2625	19
2626	19
2627	7
2628	1
2629	19
2630	9
2631	8
2632	20
2633	19
2634	17
2635	27
2636	23
2637	3
2638	7
2639	3
2640	29
2641	1
2642	10
2643	23
2644	8
2645	20
2646	26
2647	24
2648	15
2649	19
2650	27
2651	18
2652	12
2653	17
2654	8
2655	29
2656	26
2657	28
2658	1
2659	2
2660	23
2661	20
2662	27
2663	18
2664	29
2665	4
2666	29
2667	3
2668	10
2669	9
2670	26
2671	10
2672	28
2673	29
2674	19
2675	5
2676	19
2677	23
2678	4
2679	19
2680	11
2681	4
2682	23
2683	8
2684	9
2685	29
2686	23
2687	2
2688	10
2689	21
2690	1
2691	11
2692	23
2693	27
2694	26
2695	23
2696	22
2697	10
2698	23
2699	19
2700	15
2701	7
2702	3
2703	23
2704	26
2705	7
2706	13
2707	16
2708	3
2709	15
2710	23
2711	25
2712	19
2713	2
2714	11
2715	26
2716	19
2717	15
2718	7
2719	3
2720	9
2721	19
2722	15
2723	16
2724	15
2725	29
2726	9
2727	24
2728	3
2729	17
2730	10
2731	4
2732	12
2733	25
2734	29
2735	24
2736	26
2737	24
2738	16
2739	3
2740	9
2741	12
2742	6
2743	7
2744	12
2745	29
2746	16
2747	10
2748	9
2749	29
2750	16
2751	19
2752	23
2753	19
2754	19
2755	16
2756	1
2757	14
2758	26
2759	1
2760	26
2761	27
2762	21
2763	23
2764	21
2765	3
2766	3
2767	12
2768	29
2769	4
2770	7
2771	24
2772	20
2773	15
2774	27
2775	6
2776	14
2777	3
2778	9
2779	15
2780	28
2781	19
2782	27
2783	23
2784	17
2785	25
2786	7
2787	29
2788	5
2789	7
2790	19
2791	16
2792	24
2793	7
2794	28
2795	20
2796	16
2797	2
2798	7
2799	26
2800	5
2801	4
2802	8
2803	15
2804	9
2805	26
2806	25
2807	3
2808	24
2809	6
2810	16
2811	29
2812	29
2813	15
2814	9
2815	23
2816	14
2817	20
2818	19
2819	16
2820	15
2821	24
2822	20
2823	29
2824	16
2825	16
2826	4
2827	5
2828	27
2829	29
2830	29
2831	26
2832	16
2833	7
2834	29
2835	26
2836	21
2837	24
2838	14
2839	7
2840	3
2841	17
2842	19
2843	25
2844	24
2845	17
2846	25
2847	3
2848	24
2849	24
2850	29
2851	10
2852	9
2853	23
2854	24
2855	26
2856	29
2857	7
2858	24
2859	23
2860	27
2861	22
2862	25
2863	5
2864	26
2865	12
2866	6
2867	5
2868	1
2869	16
2870	20
2871	26
2872	27
2873	29
2874	27
2875	9
2876	5
2877	28
2878	3
2879	3
2880	12
2881	26
2882	12
2883	15
2884	5
2885	19
2886	15
2887	15
2888	29
2889	11
2890	10
2891	16
2892	9
2893	15
2894	2
2895	14
2896	15
2897	21
2898	5
2899	24
2900	16
2901	26
2902	18
2903	20
2904	3
2905	3
2906	5
2907	26
2908	21
2909	24
2910	4
2911	7
2912	15
2913	21
2914	6
2915	21
2916	16
2917	5
2918	1
2919	6
2920	24
2921	8
2922	3
2923	29
2924	9
2925	18
2926	29
2927	2
2928	15
2929	9
2930	23
2931	6
2932	26
2933	23
2934	23
2935	24
2936	16
2937	24
2938	24
2939	26
2940	9
2941	29
2942	17
2943	15
2944	28
2945	7
2946	16
2947	17
2948	3
2949	29
2950	12
2951	21
2952	9
2953	5
2954	19
2955	5
2956	19
2957	28
2958	11
2959	25
2960	10
2961	25
2962	13
2963	15
2964	10
2965	23
2966	16
2967	5
2968	11
2969	27
2970	1
2971	1
2972	23
2973	18
2974	24
2975	27
2976	2
2977	26
2978	12
2979	25
2980	22
2981	25
2982	14
2983	12
2984	9
2985	26
2986	15
2987	29
2988	16
2989	26
2990	4
2991	26
2992	3
2993	7
2994	24
2995	7
2996	23
2997	25
2998	29
2999	22
3000	27
3001	4
3002	10
3003	8
3004	4
3005	26
3006	9
3007	2
3008	17
3009	7
3010	15
3011	28
3012	19
3013	3
3014	13
3015	24
3016	1
3017	9
3018	3
3019	29
3020	28
3021	19
3022	29
3023	24
3024	15
3025	9
3026	19
3027	19
3028	11
3029	28
3030	12
3031	3
3032	29
3033	27
3034	7
3035	9
3036	7
3037	29
3038	19
3039	3
3040	9
3041	16
3042	23
3043	15
3044	21
3045	27
3046	7
3047	7
3048	15
3049	12
3050	10
3051	16
3052	5
3053	23
3054	29
3055	7
3056	16
3057	3
3058	23
3059	9
3060	28
3061	2
3062	25
3063	16
3064	29
3065	15
3066	24
3067	12
3068	19
3069	16
3070	8
3071	29
3072	23
3073	21
3074	16
3075	14
3076	26
3077	23
3078	7
3079	26
3080	16
3081	24
3082	26
3083	15
3084	18
3085	16
3086	7
3087	8
3088	21
3089	22
3090	19
3091	10
3092	20
3093	6
3094	28
3095	10
3096	16
3097	7
3098	25
3099	12
3100	17
3101	9
3102	24
3103	26
3104	29
3105	4
3106	21
3107	23
3108	12
3109	16
3110	16
3111	7
3112	27
3113	19
3114	24
3115	9
3116	1
3117	25
3118	8
3119	7
3120	22
3121	4
3122	16
3123	15
3124	16
3125	2
3126	9
3127	16
3128	23
3129	25
3130	26
3131	24
3132	26
3133	25
3134	26
3135	16
3136	16
3137	9
3138	16
3139	5
3140	29
3141	24
3142	11
3143	27
3144	24
3145	2
3146	24
3147	3
3148	7
3149	28
3150	28
3151	11
3152	7
3153	22
3154	19
3155	4
3156	11
3157	15
3158	28
3159	7
3160	26
3161	26
3162	9
3163	4
3164	7
3165	24
3166	16
3167	6
3168	4
3169	11
3170	24
3171	3
3172	25
3173	12
3174	12
3175	27
3176	19
3177	23
3178	18
3179	24
3180	2
3181	26
3182	24
3183	19
3184	16
3185	15
3186	21
3187	20
3188	28
3189	8
3190	12
3191	14
3192	21
3193	26
3194	8
3195	14
3196	15
3197	4
3198	19
3199	17
3200	9
3201	15
3202	6
3203	8
3204	23
3205	15
3206	19
3207	7
3208	20
3209	20
3210	13
3211	29
3212	4
3213	24
3214	13
3215	29
3216	16
3217	3
3218	3
3219	22
3220	7
3221	28
3222	22
3223	15
3224	26
3225	3
3226	7
3227	27
3228	1
3229	16
3230	22
3231	23
3232	23
3233	11
3234	3
3235	29
3236	12
3237	10
3238	23
3239	3
3240	29
3241	9
3242	9
3243	4
3244	17
3245	12
3246	29
3247	9
3248	16
3249	26
3250	3
3251	12
3252	19
3253	29
3254	29
3255	29
3256	9
3257	3
3258	7
3259	15
3260	27
3261	9
3262	17
3263	24
3264	4
3265	20
3266	14
3267	19
3268	3
3269	16
3270	7
3271	28
3272	15
3273	15
3274	23
3275	19
3276	23
3277	3
3278	5
3279	15
3280	18
3281	1
3282	6
3283	22
3284	29
3285	3
3286	19
3287	25
3288	3
3289	12
3290	24
3291	4
3292	24
3293	16
3294	29
3295	22
3296	5
3297	6
3298	23
3299	3
3300	23
3301	19
3302	18
3303	24
3304	18
3305	13
3306	2
3307	23
3308	23
3309	14
3310	17
3311	14
3312	24
3313	3
3314	29
3315	14
3316	9
3317	7
3318	23
3319	23
3320	15
3321	6
3322	24
3323	6
3324	19
3325	18
3326	16
3327	23
3328	24
3329	20
3330	24
3331	24
3332	16
3333	29
3334	17
3335	1
3336	4
3337	4
3338	17
3339	13
3340	2
3341	16
3342	7
3343	7
3344	21
3345	3
3346	12
3347	17
3348	9
3349	4
3350	19
3351	11
3352	13
3353	8
3354	28
3355	21
3356	16
3357	28
3358	24
3359	10
3360	7
3361	16
3362	2
3363	25
3364	3
3365	7
3366	16
3367	6
3368	28
3369	3
3370	26
3371	9
3372	15
3373	24
3374	28
3375	10
3376	11
3377	6
3378	8
3379	19
3380	10
3381	16
3382	15
3383	29
3384	10
3385	6
3386	10
3387	15
3388	3
3389	7
3390	6
3391	2
3392	20
3393	9
3394	20
3395	12
3396	15
3397	19
3398	15
3399	9
3400	9
3401	29
3402	9
3403	18
3404	6
3405	7
3406	23
3407	15
3408	26
3409	19
3410	9
3411	23
3412	7
3413	2
3414	29
3415	26
3416	23
3417	26
3418	13
3419	15
3420	18
3421	11
3422	23
3423	26
3424	23
3425	15
3426	3
3427	3
3428	3
3429	25
3430	13
3431	29
3432	18
3433	19
3434	3
3435	23
3436	5
3437	6
3438	23
3439	12
3440	29
3441	3
3442	26
3443	12
3444	9
3445	24
3446	26
3447	17
3448	5
3449	20
3450	5
3451	23
3452	14
3453	8
3454	16
3455	8
3456	29
3457	21
3458	23
3459	7
3460	23
3461	4
3462	7
3463	21
3464	12
3465	7
3466	3
3467	18
3468	19
3469	10
3470	3
3471	16
3472	29
3473	29
3474	23
3475	6
3476	4
3477	8
3478	3
3479	28
3480	23
3481	21
3482	4
3483	24
3484	19
3485	25
3486	7
3487	14
3488	17
3489	4
3490	23
3491	3
3492	25
3493	14
3494	24
3495	23
3496	23
3497	24
3498	11
3499	2
3500	16
3501	24
3502	29
3503	2
3504	16
3505	29
3506	4
3507	16
3508	2
3509	23
3510	26
3511	9
3512	7
3513	17
3514	23
3515	9
3516	13
3517	29
3518	3
3519	8
3520	27
3521	7
3522	19
3523	17
3524	22
3525	19
3526	19
3527	6
3528	25
3529	25
3530	10
3531	7
3532	23
3533	22
3534	29
3535	24
3536	27
3537	19
3538	19
3539	6
3540	2
3541	16
3542	19
3543	11
3544	26
3545	19
3546	24
3547	24
3548	25
3549	15
3550	19
3551	23
3552	26
3553	26
3554	12
3555	12
3556	29
3557	10
3558	10
3559	15
3560	3
3561	26
3562	4
3563	19
3564	25
3565	2
3566	26
3567	11
3568	12
3569	29
3570	24
3571	23
3572	2
3573	21
3574	13
3575	1
3576	7
3577	17
3578	24
3579	27
3580	2
3581	7
3582	26
3583	26
3584	11
3585	6
3586	15
3587	29
3588	4
3589	29
3590	12
3591	7
3592	25
3593	16
3594	19
3595	20
3596	20
3597	2
3598	24
3599	3
3600	22
3601	16
3602	2
3603	19
3604	29
3605	4
3606	23
3607	26
3608	23
3609	27
3610	14
3611	4
3612	4
3613	24
3614	7
3615	28
3616	16
3617	17
3618	1
3619	3
3620	5
3621	7
3622	4
3623	15
3624	12
3625	6
3626	4
3627	26
3628	29
3629	4
3630	23
3631	13
3632	14
3633	24
3634	29
3635	6
3636	4
3637	26
3638	8
3639	3
3640	2
3641	16
3642	23
3643	24
3644	29
3645	21
3646	26
3647	15
3648	25
3649	4
3650	9
3651	23
3652	2
3653	22
3654	12
3655	2
3656	18
3657	24
3658	3
3659	19
3660	2
3661	1
3662	9
3663	26
3664	29
3665	15
3666	6
3667	9
3668	8
3669	17
3670	29
3671	3
3672	3
3673	8
3674	20
3675	27
3676	3
3677	9
3678	24
3679	15
3680	9
3681	20
3682	16
3683	29
3684	5
3685	7
3686	9
3687	4
3688	23
3689	25
3690	13
3691	12
3692	24
3693	24
3694	7
3695	26
3696	18
3697	7
3698	29
3699	19
3700	9
3701	2
3702	7
3703	3
3704	17
3705	23
3706	3
3707	15
3708	29
3709	22
3710	21
3711	16
3712	12
3713	9
3714	16
3715	28
3716	9
3717	24
3718	24
3719	2
3720	22
3721	26
3722	7
3723	24
3724	15
3725	3
3726	11
3727	19
3728	29
3729	1
3730	2
3731	6
3732	24
3733	12
3734	26
3735	23
3736	6
3737	26
3738	15
3739	17
3740	4
3741	14
3742	12
3743	4
3744	23
3745	29
3746	12
3747	24
3748	17
3749	12
3750	26
3751	29
3752	23
3753	12
3754	17
3755	3
3756	22
3757	26
3758	1
3759	24
3760	9
3761	23
3762	16
3763	12
3764	3
3765	11
3766	24
3767	7
3768	16
3769	7
3770	6
3771	7
3772	27
3773	10
3774	8
3775	29
3776	16
3777	26
3778	3
3779	26
3780	7
3781	26
3782	24
3783	7
3784	24
3785	29
3786	7
3787	12
3788	29
3789	12
3790	17
3791	4
3792	20
3793	7
3794	20
3795	22
3796	19
3797	3
3798	23
3799	29
3800	9
3801	24
3802	26
3803	8
3804	6
3805	2
3806	28
3807	29
3808	21
3809	4
3810	3
3811	23
3812	2
3813	7
3814	23
3815	23
3816	18
3817	7
3818	3
3819	6
3820	26
3821	20
3822	2
3823	15
3824	9
3825	29
3826	7
3827	4
3828	4
3829	1
3830	22
3831	9
3832	14
3833	4
3834	2
3835	18
3836	29
3837	24
3838	2
3839	3
3840	24
3841	9
3842	3
3843	4
3844	2
3845	12
3846	29
3847	6
3848	7
3849	18
3850	16
3851	9
3852	7
3853	23
3854	15
3855	26
3856	22
3857	3
3858	26
3859	8
3860	24
3861	2
3862	27
3863	22
3864	4
3865	9
3866	9
3867	25
3868	29
3869	25
3870	20
3871	8
3872	8
3873	26
3874	25
3875	7
3876	21
3877	27
3878	8
3879	14
3880	26
3881	15
3882	16
3883	16
3884	14
3885	18
3886	10
3887	19
3888	6
3889	29
3890	13
3891	2
3892	20
3893	29
3894	3
3895	24
3896	24
3897	21
3898	13
3899	29
3900	12
3901	5
3902	3
3903	7
3904	4
3905	11
3906	25
3907	14
3908	15
3909	7
3910	19
3911	9
3912	19
3913	11
3914	16
3915	24
3916	4
3917	18
3918	24
3919	26
3920	1
3921	5
3922	16
3923	26
3924	23
3925	24
3926	27
3927	15
3928	2
3929	16
3930	10
3931	7
3932	4
3933	6
3934	25
3935	22
3936	15
3937	2
3938	7
3939	14
3940	21
3941	10
3942	29
3943	21
3944	8
3945	28
3946	2
3947	25
3948	4
3949	27
3950	24
3951	3
3952	17
3953	27
3954	24
3955	19
3956	3
3957	27
3958	9
3959	26
3960	26
3961	14
3962	26
3963	2
3964	1
3965	2
3966	9
3967	23
3968	20
3969	3
3970	3
3971	3
3972	29
3973	25
3974	16
3975	24
3976	10
3977	24
3978	24
3979	29
3980	12
3981	16
3982	24
3983	2
3984	17
3985	12
3986	2
3987	4
3988	22
3989	28
3990	18
3991	8
3992	29
3993	23
3994	2
3995	26
3996	25
3997	4
3998	19
3999	19
4000	18
4001	24
4002	15
4003	11
4004	10
4005	3
4006	3
4007	27
4008	8
4009	18
4010	24
4011	4
4012	3
4013	29
4014	3
4015	19
4016	29
4017	16
4018	17
4019	7
4020	19
4021	15
4022	9
4023	14
4024	20
4025	16
4026	12
4027	7
4028	26
4029	4
4030	7
4031	9
4032	12
4033	15
4034	28
4035	18
4036	24
4037	2
4038	17
4039	9
4040	12
4041	12
4042	29
4043	24
4044	23
4045	5
4046	7
4047	7
4048	16
4049	19
4050	6
4051	2
4052	29
4053	12
4054	16
4055	3
4056	2
4057	4
4058	5
4059	16
4060	6
4061	15
4062	24
4063	23
4064	17
4065	4
4066	4
4067	5
4068	7
4069	17
4070	5
4071	16
4072	9
4073	3
4074	16
4075	29
4076	16
4077	24
4078	16
4079	4
4080	10
4081	16
4082	15
4083	12
4084	6
4085	25
4086	23
4087	7
4088	27
4089	7
4090	6
4091	2
4092	9
4093	7
4094	2
4095	22
4096	2
4097	3
4098	25
4099	15
4100	2
4101	26
4102	16
4103	16
4104	9
4105	23
4106	15
4107	9
4108	28
4109	17
4110	19
4111	15
4112	29
4113	12
4114	26
4115	9
4116	5
4117	29
4118	3
4119	14
4120	5
4121	19
4122	12
4123	19
4124	18
4125	4
4126	3
4127	12
4128	23
4129	5
4130	12
4131	12
4132	14
4133	23
4134	28
4135	9
4136	5
4137	18
4138	16
4139	23
4140	15
4141	13
4142	21
4143	9
4144	15
4145	12
4146	24
4147	24
4148	21
4149	8
4150	16
4151	15
4152	4
4153	14
4154	29
4155	19
4156	23
4157	17
4158	24
4159	17
4160	26
4161	7
4162	27
4163	9
4164	7
4165	4
4166	23
4167	16
4168	10
4169	5
4170	1
4171	24
4172	4
4173	29
4174	1
4175	5
4176	26
4177	11
4178	2
4179	8
4180	27
4181	19
4182	17
4183	15
4184	15
4185	4
4186	28
4187	15
4188	23
4189	22
4190	19
4191	16
4192	29
4193	29
4194	21
4195	18
4196	24
4197	25
4198	7
4199	26
4200	23
4201	14
4202	16
4203	23
4204	29
4205	4
4206	23
4207	28
4208	27
4209	7
4210	23
4211	26
4212	2
4213	4
4214	3
4215	29
4216	5
4217	2
4218	29
4219	26
4220	9
4221	28
4222	29
4223	18
4224	7
4225	19
4226	22
4227	13
4228	24
4229	19
4230	19
4231	3
4232	15
4233	20
4234	5
4235	19
4236	5
4237	5
4238	7
4239	2
4240	18
4241	12
4242	17
4243	2
4244	19
4245	17
4246	23
4247	6
4248	5
4249	9
4250	29
4251	3
4252	14
4253	23
4254	16
4255	17
4256	3
4257	5
4258	10
4259	3
4260	28
4261	12
4262	29
4263	15
4264	3
4265	16
4266	21
4267	4
4268	3
4269	20
4270	23
4271	7
4272	5
4273	23
4274	6
4275	4
4276	17
4277	7
4278	29
4279	23
4280	5
4281	29
4282	27
4283	19
4284	12
4285	13
4286	9
4287	21
4288	12
4289	5
4290	22
4291	9
4292	1
4293	14
4294	24
4295	16
4296	24
4297	26
4298	23
4299	4
4300	21
4301	5
4302	7
4303	3
4304	4
4305	19
4306	27
4307	7
4308	17
4309	9
4310	23
4311	3
4312	1
4313	15
4314	13
4315	5
4316	29
4317	22
4318	2
4319	21
4320	13
4321	12
4322	13
4323	7
4324	19
4325	1
4326	17
4327	15
4328	2
4329	11
4330	20
4331	26
4332	3
4333	23
4334	16
4335	16
4336	7
4337	19
4338	27
4339	3
4340	5
4341	29
4342	17
4343	16
4344	26
4345	12
4346	4
4347	3
4348	2
4349	9
4350	11
4351	19
4352	26
4353	18
4354	2
4355	14
4356	15
4357	10
4358	23
4359	21
4360	5
4361	28
4362	24
4363	22
4364	9
4365	13
4366	9
4367	4
4368	15
4369	1
4370	17
4371	15
4372	12
4373	28
4374	3
4375	2
4376	28
4377	3
4378	12
4379	16
4380	24
4381	25
4382	29
4383	28
4384	10
4385	12
4386	3
4387	16
4388	15
4389	27
4390	24
4391	28
4392	19
4393	26
4394	24
4395	2
4396	16
4397	9
4398	4
4399	23
4400	15
4401	12
4402	15
4403	26
4404	19
4405	12
4406	20
4407	16
4408	13
4409	5
4410	6
4411	9
4412	24
4413	24
4414	15
4415	23
4416	7
4417	19
4418	12
4419	25
4420	12
4421	12
4422	19
4423	12
4424	4
4425	28
4426	15
4427	23
4428	19
4429	12
4430	4
4431	15
4432	10
4433	2
4434	23
4435	1
4436	9
4437	23
4438	28
4439	15
4440	23
4441	26
4442	10
4443	27
4444	3
4445	17
4446	26
4447	3
4448	4
4449	9
4450	3
4451	7
4452	7
4453	17
4454	23
4455	2
4456	23
4457	25
4458	9
4459	7
4460	6
4461	28
4462	28
4463	24
4464	28
4465	23
4466	16
4467	4
4468	15
4469	26
4470	2
4471	12
4472	21
4473	24
4474	19
4475	23
4476	25
4477	18
4478	11
4479	9
4480	16
4481	23
4482	28
4483	2
4484	16
4485	4
4486	1
4487	9
4488	3
4489	28
4490	16
4491	28
4492	20
4493	29
4494	26
4495	16
4496	26
4497	28
4498	1
4499	20
4500	11
4501	9
4502	15
4503	28
4504	28
4505	5
4506	28
4507	12
4508	27
4509	10
4510	16
4511	12
4512	29
4513	29
4514	23
4515	16
4516	9
4517	9
4518	23
4519	5
4520	6
4521	24
4522	16
4523	25
4524	25
4525	20
4526	3
4527	7
4528	29
4529	5
4530	16
4531	25
4532	29
4533	5
4534	15
4535	22
4536	19
4537	29
4538	3
4539	2
4540	21
4541	9
4542	26
4543	7
4544	19
4545	25
4546	12
4547	26
4548	7
4549	10
4550	19
4551	4
4552	12
4553	5
4554	23
4555	4
4556	5
4557	17
4558	5
4559	25
4560	5
4561	19
4562	5
4563	3
4564	2
4565	10
4566	16
4567	28
4568	28
4569	3
4570	9
4571	5
4572	5
4573	26
4574	25
4575	15
4576	15
4577	15
4578	5
4579	5
4580	17
4581	4
4582	24
4583	23
4584	1
4585	18
4586	17
4587	28
4588	7
4589	4
4590	4
4591	27
4592	22
4593	2
4594	4
4595	27
4596	2
4597	6
4598	7
4599	9
4600	25
4601	24
4602	9
4603	22
4604	20
4605	15
4606	12
4607	16
4608	5
4609	22
4610	14
4611	7
4612	7
4613	7
4614	11
4615	9
4616	12
4617	8
4618	8
4619	14
4620	12
4621	2
4622	2
4623	25
4624	26
4625	18
4626	16
4627	5
4628	7
4629	22
4630	8
4631	23
4632	18
4633	24
4634	8
4635	2
4636	7
4637	23
4638	16
4639	28
4640	26
4641	20
4642	4
4643	29
4644	19
4645	5
4646	1
4647	7
4648	19
4649	2
4650	12
4651	8
4652	22
4653	26
4654	2
4655	28
4656	9
4657	14
4658	29
4659	2
4660	7
4661	23
4662	29
4663	8
4664	29
4665	5
4666	23
4667	10
4668	21
4669	9
4670	28
4671	4
4672	25
4673	5
4674	25
4675	17
4676	4
4677	29
4678	26
4679	17
4680	14
4681	12
4682	15
4683	29
4684	15
4685	19
4686	9
4687	25
4688	26
4689	1
4690	19
4691	25
4692	10
4693	9
4694	27
4695	16
4696	7
4697	1
4698	24
4699	10
4700	26
4701	22
4702	4
4703	24
4704	7
4705	28
4706	3
4707	5
4708	3
4709	14
4710	3
4711	9
4712	19
4713	1
4714	13
4715	26
4716	2
4717	15
4718	1
4719	15
4720	9
4721	3
4722	8
4723	15
4724	5
4725	5
4726	4
4727	28
4728	15
4729	28
4730	4
4731	29
4732	7
4733	25
4734	3
4735	18
4736	13
4737	22
4738	29
4739	15
4740	14
4741	19
4742	25
4743	28
4744	21
4745	28
4746	2
4747	13
4748	2
4749	4
4750	12
4751	19
4752	5
4753	5
4754	2
4755	18
4756	23
4757	11
4758	28
4759	17
4760	5
4761	28
4762	12
4763	16
4764	23
4765	16
4766	8
4767	24
4768	9
4769	29
4770	3
4771	8
4772	19
4773	29
4774	15
4775	23
4776	7
4777	24
4778	5
4779	19
4780	11
4781	25
4782	18
4783	5
4784	7
4785	19
4786	28
4787	26
4788	3
4789	15
4790	29
4791	27
4792	12
4793	11
4794	29
4795	10
4796	8
4797	24
4798	5
4799	9
4800	26
4801	12
4802	26
4803	16
4804	9
4805	28
4806	27
4807	8
4808	12
4809	10
4810	16
4811	26
4812	29
4813	15
4814	2
4815	8
4816	26
4817	26
4818	7
4819	10
4820	7
4821	12
4822	7
4823	17
4824	24
4825	15
4826	2
4827	27
4828	21
4829	20
4830	25
4831	16
4832	18
4833	19
4834	26
4835	3
4836	19
4837	7
4838	23
4839	26
4840	28
4841	26
4842	4
4843	15
4844	19
4845	3
4846	5
4847	28
4848	9
4849	23
4850	5
4851	5
4852	26
4853	5
4854	24
4855	9
4856	26
4857	23
4858	5
4859	3
4860	21
4861	22
4862	29
4863	15
4864	13
4865	29
4866	15
4867	20
4868	27
4869	12
4870	27
4871	7
4872	5
4873	9
4874	24
4875	11
4876	15
4877	9
4878	26
4879	6
4880	13
4881	24
4882	23
4883	3
4884	29
4885	29
4886	19
4887	16
4888	29
4889	19
4890	18
4891	5
4892	29
4893	27
4894	19
4895	22
4896	26
4897	29
4898	29
4899	4
4900	2
4901	15
4902	2
4903	24
4904	12
4905	17
4906	24
4907	14
4908	2
4909	1
4910	29
4911	26
4912	2
4913	10
4914	13
4915	12
4916	24
4917	24
4918	4
4919	29
4920	2
4921	4
4922	21
4923	4
4924	18
4925	13
4926	2
4927	22
4928	5
4929	16
4930	3
4931	2
4932	5
4933	11
4934	24
4935	6
4936	5
4937	7
4938	5
4939	7
4940	10
4941	20
4942	7
4943	28
4944	9
4945	5
4946	13
4947	23
4948	8
4949	15
4950	3
4951	23
4952	13
4953	3
4954	4
4955	4
4956	23
4957	16
4958	7
4959	9
4960	28
4961	29
4962	3
4963	17
4964	10
4965	23
4966	14
4967	4
4968	9
4969	26
4970	8
4971	26
4972	19
4973	4
4974	9
4975	28
4976	20
4977	16
4978	15
4979	19
4980	15
4981	2
4982	12
4983	11
4984	24
4985	29
4986	11
4987	23
4988	7
4989	20
4990	4
4991	5
4992	14
4993	16
4994	4
4995	9
4996	15
4997	15
4998	23
4999	20
5000	3
5001	25
5002	18
5003	18
5004	15
5005	26
5006	24
5007	19
5008	29
5009	26
5010	8
5011	26
5012	3
5013	9
5014	7
5015	8
5016	9
5017	4
5018	16
5019	23
5020	29
5021	12
5022	12
5023	9
5024	25
5025	24
5026	19
5027	8
5028	3
5029	24
5030	29
5031	11
5032	9
5033	7
5034	27
5035	6
5036	4
5037	25
5038	7
5039	22
5040	20
5041	19
5042	11
5043	16
5044	28
5045	29
5046	12
5047	23
5048	19
5049	15
5050	5
5051	15
5052	15
5053	11
5054	28
5055	5
5056	5
5057	24
5058	15
5059	9
5060	28
5061	4
5062	18
5063	2
5064	13
5065	25
5066	18
5067	29
5068	28
5069	1
5070	7
5071	16
5072	2
5073	29
5074	4
5075	28
5076	20
5077	29
5078	16
5079	15
5080	3
5081	5
5082	4
5083	29
5084	20
5085	15
5086	5
5087	23
5088	28
5089	29
5090	5
5091	25
5092	20
5093	29
5094	29
5095	14
5096	26
5097	19
5098	12
5099	13
5100	7
5101	14
5102	12
5103	19
5104	17
5105	28
5106	2
5107	5
5108	15
5109	28
5110	23
5111	19
5112	5
5113	19
5114	7
5115	15
5116	23
5117	29
5118	29
5119	5
5120	4
5121	20
5122	7
5123	29
5124	28
5125	3
5126	3
5127	9
5128	26
5129	28
5130	21
5131	9
5132	29
5133	3
5134	18
5135	4
5136	19
5137	2
5138	12
5139	15
5140	29
5141	27
5142	2
5143	15
5144	24
5145	10
5146	3
5147	5
5148	15
5149	3
5150	4
5151	29
5152	16
5153	28
5154	27
5155	28
5156	7
5157	28
5158	12
5159	10
5160	28
5161	29
5162	3
5163	24
5164	23
5165	3
5166	29
5167	16
5168	15
5169	9
5170	5
5171	1
5172	11
5173	20
5174	18
5175	4
5176	14
5177	16
5178	16
5179	20
5180	28
5181	28
5182	24
5183	3
5184	28
5185	12
5186	14
5187	2
5188	27
5189	27
5190	24
5191	16
5192	26
5193	21
5194	19
5195	16
5196	10
5197	26
5198	20
5199	13
5200	2
5201	12
5202	19
5203	25
5204	6
5205	26
5206	12
5207	9
5208	5
5209	4
5210	16
5211	3
5212	22
5213	10
5214	27
5215	2
5216	14
5217	9
5218	6
5219	2
5220	4
5221	4
5222	5
5223	15
5224	12
5225	3
5226	1
5227	19
5228	28
5229	18
5230	7
5231	1
5232	23
5233	28
5234	16
5235	21
5236	21
5237	24
5238	3
5239	29
5240	4
5241	26
5242	19
5243	29
5244	5
5245	29
5246	23
5247	4
5248	29
5249	26
5250	23
5251	26
5252	23
5253	15
5254	24
5255	9
5256	28
5257	7
5258	23
5259	29
5260	12
5261	26
5262	7
5263	23
5264	7
5265	23
5266	15
5267	28
5268	15
5269	25
5270	2
5271	26
5272	13
5273	9
5274	17
5275	29
5276	4
5277	3
5278	2
5279	15
5280	16
5281	26
5282	19
5283	7
5284	19
5285	19
5286	29
5287	15
5288	24
5289	28
5290	24
5291	11
5292	9
5293	7
5294	7
5295	23
5296	23
5297	29
5298	7
5299	7
5300	24
5301	23
5302	7
5303	11
5304	1
5305	4
5306	7
5307	19
5308	1
5309	12
5310	22
5311	17
5312	12
5313	2
5314	25
5315	7
5316	21
5317	19
5318	7
5319	11
5320	7
5321	4
5322	2
5323	19
5324	29
5325	28
5326	9
5327	12
5328	18
5329	9
5330	25
5331	15
5332	29
5333	15
5334	7
5335	2
5336	8
5337	12
5338	6
5339	15
5340	17
5341	20
5342	15
5343	16
5344	5
5345	22
5346	24
5347	2
5348	3
5349	4
5350	7
5351	16
5352	18
5353	4
5354	9
5355	4
5356	14
5357	3
5358	9
5359	26
5360	23
5361	12
5362	15
5363	17
5364	9
5365	2
5366	26
5367	1
5368	3
5369	3
5370	24
5371	28
5372	21
5373	26
5374	12
5375	2
5376	25
5377	7
5378	18
5379	16
5380	1
5381	16
5382	7
5383	29
5384	4
5385	7
5386	13
5387	21
5388	2
5389	23
5390	23
5391	26
5392	24
5393	7
5394	21
5395	21
5396	26
5397	29
5398	12
5399	21
5400	3
5401	5
5402	20
5403	24
5404	28
5405	19
5406	26
5407	26
5408	2
5409	11
5410	12
5411	23
5412	5
5413	28
5414	27
5415	12
5416	25
5417	26
5418	22
5419	27
5420	21
5421	13
5422	12
5423	9
5424	27
5425	17
5426	14
5427	1
5428	21
5429	16
5430	4
5431	23
5432	29
5433	19
5434	7
5435	2
5436	15
5437	15
5438	3
5439	21
5440	23
5441	23
5442	10
5443	16
5444	16
5445	22
5446	28
5447	23
5448	21
5449	26
5450	7
5451	17
5452	26
5453	19
5454	29
5455	18
5456	5
5457	15
5458	12
5459	19
5460	19
5461	23
5462	12
5463	18
5464	9
5465	8
5466	16
5467	25
5468	28
5469	26
5470	25
5471	29
5472	17
5473	9
5474	28
5475	16
5476	7
5477	3
5478	24
5479	5
5480	23
5481	16
5482	12
5483	3
5484	23
5485	24
5486	15
5487	4
5488	3
5489	11
5490	15
5491	28
5492	5
5493	23
5494	21
5495	16
5496	29
5497	7
5498	15
5499	14
5500	7
5501	9
5502	15
5503	21
5504	17
5505	4
5506	23
5507	14
5508	27
5509	5
5510	16
5511	1
5512	2
5513	7
5514	21
5515	24
5516	4
5517	4
5518	16
5519	16
5520	9
5521	24
5522	5
5523	5
5524	2
5525	26
5526	5
5527	5
5528	16
5529	2
5530	17
5531	19
5532	17
5533	19
5534	22
5535	15
5536	19
5537	18
5538	21
5539	9
5540	12
5541	23
5542	21
5543	28
5544	26
5545	23
5546	16
5547	16
5548	23
5549	3
5550	5
5551	12
5552	19
5553	24
5554	7
5555	18
5556	7
5557	5
5558	24
5559	6
5560	26
5561	23
5562	9
5563	28
5564	2
5565	23
5566	5
5567	17
5568	14
5569	23
5570	21
5571	5
5572	4
5573	2
5574	15
5575	21
5576	15
5577	15
5578	16
5579	24
5580	2
5581	2
5582	29
5583	25
5584	12
5585	28
5586	12
5587	24
5588	16
5589	28
5590	9
5591	28
5592	22
5593	2
5594	19
5595	14
5596	28
5597	13
5598	14
5599	15
5600	24
5601	15
5602	24
5603	21
5604	2
5605	17
5606	12
5607	4
5608	29
5609	13
5610	16
5611	15
5612	20
5613	15
5614	4
5615	2
5616	26
5617	24
5618	21
5619	12
5620	2
5621	12
5622	9
5623	29
5624	17
5625	24
5626	1
5627	7
5628	16
5629	3
5630	3
5631	24
5632	5
5633	24
5634	14
5635	18
5636	21
5637	1
5638	1
5639	16
5640	24
5641	21
5642	19
5643	15
5644	23
5645	21
5646	17
5647	3
5648	28
5649	3
5650	2
5651	26
5652	10
5653	12
5654	4
5655	5
5656	15
5657	28
5658	7
5659	17
5660	7
5661	4
5662	2
5663	2
5664	17
5665	17
5666	1
5667	1
5668	25
5669	1
5670	4
5671	29
5672	5
5673	19
5674	18
5675	22
5676	24
5677	19
5678	5
5679	29
5680	21
5681	23
5682	29
5683	23
5684	24
5685	15
5686	3
5687	12
5688	5
5689	4
5690	4
5691	3
5692	1
5693	20
5694	28
5695	5
5696	26
5697	16
5698	7
5699	19
5700	23
5701	23
5702	17
5703	12
5704	17
5705	22
5706	15
5707	28
5708	1
5709	21
5710	19
5711	1
5712	17
5713	17
5714	23
5715	15
5716	3
5717	19
5718	9
5719	1
5720	17
5721	17
5722	8
5723	15
5724	19
5725	5
5726	1
5727	21
5728	23
5729	28
5730	23
5731	21
5732	29
5733	6
5734	26
5735	17
5736	15
5737	29
5738	4
5739	11
5740	12
5741	28
5742	19
5743	25
5744	17
5745	24
5746	23
5747	28
5748	26
5749	17
5750	21
5751	7
5752	9
5753	5
5754	26
5755	24
5756	23
5757	5
5758	29
5759	26
5760	2
5761	28
5762	12
5763	28
5764	28
5765	4
5766	3
5767	2
5768	21
5769	2
5770	28
5771	5
5772	28
5773	17
5774	7
5775	7
5776	27
5777	6
5778	2
5779	12
5780	18
5781	7
5782	2
5783	1
5784	15
5785	15
5786	17
5787	20
5788	9
5789	28
5790	4
5791	21
5792	4
5793	1
5794	4
5795	1
5796	4
5797	21
5798	6
5799	23
5800	9
5801	9
5802	4
5803	16
5804	21
5805	3
5806	29
5807	1
5808	14
5809	5
5810	17
5811	13
5812	16
5813	26
5814	28
5815	7
5816	28
5817	26
5818	7
5819	26
5820	19
5821	3
5822	5
5823	7
5824	21
5825	5
5826	21
5827	22
5828	8
5829	2
5830	17
5831	5
5832	15
5833	1
5834	9
5835	12
5836	5
5837	5
5838	26
5839	8
5840	2
5841	12
5842	19
5843	2
5844	29
5845	15
5846	26
5847	1
5848	17
5849	28
5850	1
5851	16
5852	4
5853	23
5854	7
5855	8
5856	15
5857	18
5858	8
5859	9
5860	23
5861	4
5862	3
5863	8
5864	4
5865	17
5866	4
5867	11
5868	9
5869	16
5870	16
5871	28
5872	27
5873	26
5874	29
5875	17
5876	21
5877	29
5878	15
5879	5
5880	1
5881	15
5882	1
5883	23
5884	3
5885	10
5886	24
5887	12
5888	27
5889	15
5890	3
5891	16
5892	7
5893	26
5894	3
5895	6
5896	21
5897	17
5898	19
5899	3
5900	7
5901	21
5902	23
5903	7
5904	5
5905	28
5906	4
5907	28
5908	14
5909	23
5910	21
5911	5
5912	3
5913	19
5914	24
5915	23
5916	23
5917	9
5918	3
5919	26
5920	24
5921	17
5922	24
5923	9
5924	6
5925	21
5926	1
5927	2
5928	7
5929	26
5930	5
5931	23
5932	5
5933	1
5934	4
5935	19
5936	23
5937	15
5938	19
5939	24
5940	25
5941	20
5942	5
5943	19
5944	21
5945	1
5946	9
5947	26
5948	23
5949	21
5950	7
5951	16
5952	18
5953	12
5954	3
5955	29
5956	21
5957	16
5958	7
5959	9
5960	10
5961	7
5962	28
5963	5
5964	29
5965	11
5966	7
5967	9
5968	24
5969	2
5970	15
5971	2
5972	28
5973	1
5974	16
5975	8
5976	1
5977	28
5978	26
5979	9
5980	8
5981	15
5982	26
5983	29
5984	12
5985	23
5986	23
5987	8
5988	23
5989	10
5990	19
5991	16
5992	24
5993	26
5994	18
5995	7
5996	29
5997	15
5998	3
5999	9
6000	1
6001	28
6002	25
6003	26
6004	17
6005	17
6006	17
6007	1
6008	29
6009	19
6010	10
6011	5
6012	24
6013	2
6014	9
6015	28
6016	7
6017	19
6018	18
6019	29
6020	13
6021	29
6022	7
6023	7
6024	19
6025	22
6026	15
6027	4
6028	3
6029	22
6030	3
6031	6
6032	17
6033	28
6034	24
6035	29
6036	19
6037	5
6038	26
6039	24
6040	15
6041	12
6042	26
6043	2
6044	25
6045	16
6046	11
6047	20
6048	14
6049	23
6050	20
6051	7
6052	5
6053	21
6054	15
6055	24
6056	24
6057	15
6058	17
6059	9
6060	10
6061	3
6062	21
6063	7
6064	6
6065	28
6066	6
6067	15
6068	19
6069	23
6070	26
6071	23
6072	9
6073	2
6074	29
6075	17
6076	21
6077	2
6078	3
6079	2
6080	1
6081	1
6082	21
6083	1
6084	22
6085	16
6086	21
6087	26
6088	16
6089	5
6090	5
6091	17
6092	26
6093	4
6094	2
6095	10
6096	14
6097	5
6098	2
6099	26
6100	15
6101	12
6102	9
6103	15
6104	22
6105	3
6106	21
6107	5
6108	21
6109	26
6110	29
6111	3
6112	17
6113	24
6114	12
6115	19
6116	23
6117	2
6118	2
6119	15
6120	16
6121	2
6122	1
6123	29
6124	5
6125	9
6126	15
6127	2
6128	9
6129	18
6130	3
6131	7
6132	24
6133	13
6134	5
6135	12
6136	5
6137	5
6138	29
6139	8
6140	12
6141	21
6142	15
6143	19
6144	29
6145	14
6146	26
6147	26
6148	21
6149	13
6150	12
6151	16
6152	7
6153	19
6154	26
6155	24
6156	1
6157	10
6158	3
6159	16
6160	24
6161	13
6162	1
6163	17
6164	29
6165	27
6166	21
6167	7
6168	26
6169	26
6170	6
6171	28
6172	13
6173	9
6174	26
6175	13
6176	23
6177	5
6178	22
6179	8
6180	2
6181	14
6182	9
6183	2
6184	16
6185	4
6186	3
6187	9
6188	23
6189	17
6190	18
6191	12
6192	28
6193	5
6194	29
6195	9
6196	2
6197	15
6198	4
6199	24
6200	29
6201	16
6202	9
6203	16
6204	23
6205	28
6206	2
6207	26
6208	23
6209	3
6210	9
6211	23
6212	2
6213	16
6214	5
6215	29
6216	26
6217	8
6218	2
6219	1
6220	2
6221	11
6222	15
6223	5
6224	24
6225	1
6226	21
6227	28
6228	17
6229	27
6230	7
6231	23
6232	19
6233	14
6234	9
6235	26
6236	14
6237	28
6238	29
6239	21
6240	11
6241	19
6242	3
6243	23
6244	28
6245	18
6246	23
6247	13
6248	19
6249	19
6250	28
6251	29
6252	20
6253	21
6254	28
6255	23
6256	3
6257	24
6258	16
6259	26
6260	9
6261	16
6262	14
6263	19
6264	23
6265	24
6266	23
6267	4
6268	5
6269	24
6270	24
6271	23
6272	21
6273	23
6274	21
6275	14
6276	21
6277	19
6278	11
6279	25
6280	3
6281	24
6282	11
6283	17
6284	16
6285	1
6286	4
6287	5
6288	15
6289	11
6290	17
6291	9
6292	1
6293	28
6294	19
6295	2
6296	23
6297	1
6298	26
6299	7
6300	17
6301	17
6302	2
6303	17
6304	8
6305	11
6306	14
6307	13
6308	2
6309	15
6310	26
6311	2
6312	13
6313	15
6314	17
6315	9
6316	13
6317	5
6318	1
6319	26
6320	19
6321	13
6322	15
6323	10
6324	9
6325	3
6326	4
6327	5
6328	8
6329	16
6330	16
6331	11
6332	15
6333	9
6334	16
6335	17
6336	14
6337	9
6338	3
6339	23
6340	1
6341	23
6342	3
6343	29
6344	4
6345	24
6346	4
6347	12
6348	26
6349	7
6350	14
6351	10
6352	16
6353	19
6354	15
6355	16
6356	2
6357	5
6358	24
6359	21
6360	4
6361	5
6362	26
6363	3
6364	5
6365	26
6366	18
6367	2
6368	28
6369	5
6370	3
6371	29
6372	24
6373	23
6374	18
6375	23
6376	24
6377	16
6378	20
6379	22
6380	22
6381	29
6382	29
6383	24
6384	29
6385	13
6386	16
6387	5
6388	11
6389	16
6390	2
6391	13
6392	14
6393	26
6394	21
6395	19
6396	15
6397	17
6398	4
6399	14
6400	16
6401	17
6402	29
6403	14
6404	21
6405	28
6406	23
6407	29
6408	15
6409	13
6410	17
6411	23
6412	2
6413	9
6414	20
6415	6
6416	3
6417	24
6418	19
6419	11
6420	28
6421	17
6422	9
6423	26
6424	7
6425	16
6426	29
6427	19
6428	23
6429	11
6430	17
6431	15
6432	26
6433	29
6434	4
6435	11
6436	28
6437	14
6438	14
6439	26
6440	3
6441	21
6442	9
6443	23
6444	2
6445	5
6446	23
6447	5
6448	17
6449	17
6450	17
6451	17
6452	14
6453	15
6454	17
6455	7
6456	4
6457	12
6458	23
6459	4
6460	11
6461	16
6462	4
6463	4
6464	17
6465	1
6466	11
6467	14
6468	16
6469	15
6470	3
6471	3
6472	16
6473	26
6474	1
6475	11
6476	10
6477	5
6478	23
6479	6
6480	16
6481	20
6482	15
6483	21
6484	15
6485	28
6486	1
6487	4
6488	7
6489	13
6490	23
6491	22
6492	13
6493	18
6494	17
6495	21
6496	9
6497	23
6498	9
6499	24
6500	15
6501	2
6502	11
6503	5
6504	11
6505	21
6506	3
6507	19
6508	16
6509	19
6510	23
6511	17
6512	24
6513	13
6514	3
6515	16
6516	21
6517	26
6518	21
6519	7
6520	14
6521	14
6522	13
6523	13
6524	3
6525	26
6526	3
6527	11
6528	24
6529	19
6530	11
6531	24
6532	29
6533	13
6534	21
6535	15
6536	17
6537	7
6538	7
6539	29
6540	16
6541	9
6542	11
6543	14
6544	2
6545	12
6546	16
6547	23
6548	7
6549	13
6550	21
6551	23
6552	24
6553	29
6554	9
6555	9
6556	4
6557	7
6558	19
6559	15
6560	5
6561	21
6562	17
6563	5
6564	12
6565	19
6566	23
6567	4
6568	13
6569	24
6570	1
6571	17
6572	1
6573	26
6574	4
6575	24
6576	19
6577	21
6578	24
6579	5
6580	17
6581	13
6582	14
6583	9
6584	9
6585	1
6586	29
6587	15
6588	23
6589	5
6590	21
6591	28
6592	13
6593	26
6594	4
6595	3
6596	9
6597	13
6598	1
6599	20
6600	19
6601	2
6602	12
6603	3
6604	12
6605	24
6606	7
6607	24
6608	29
6609	9
6610	29
6611	24
6612	5
6613	26
6614	9
6615	19
6616	2
6617	27
6618	29
6619	4
6620	11
6621	1
6622	5
6623	26
6624	16
6625	14
6626	3
6627	27
6628	9
6629	12
6630	13
6631	17
6632	18
6633	7
6634	21
6635	19
6636	2
6637	10
6638	29
6639	1
6640	9
6641	27
6642	29
6643	5
6644	13
6645	11
6646	6
6647	15
6648	14
6649	5
6650	16
6651	9
6652	24
6653	16
6654	14
6655	28
6656	21
6657	15
6658	5
6659	27
6660	19
6661	25
6662	5
6663	25
6664	28
6665	16
6666	29
6667	12
6668	13
6669	18
6670	24
6671	26
6672	11
6673	27
6674	21
6675	15
6676	14
6677	12
6678	24
6679	2
6680	27
6681	11
6682	5
6683	19
6684	12
6685	1
6686	29
6687	4
6688	4
6689	24
6690	3
6691	18
6692	19
6693	26
6694	3
6695	7
6696	17
6697	26
6698	14
6699	15
6700	14
6701	12
6702	21
6703	9
6704	28
6705	17
6706	15
6707	17
6708	24
6709	24
6710	9
6711	16
6712	24
6713	21
6714	19
6715	16
6716	16
6717	1
6718	23
6719	9
6720	5
6721	23
6722	13
6723	24
6724	2
6725	24
6726	29
6727	1
6728	17
6729	29
6730	27
6731	3
6732	2
6733	16
6734	27
6735	19
6736	5
6737	27
6738	4
6739	12
6740	15
6741	26
6742	9
6743	15
6744	2
6745	3
6746	27
6747	12
6748	26
6749	26
6750	3
6751	16
6752	11
6753	27
6754	28
6755	5
6756	13
6757	29
6758	15
6759	29
6760	29
6761	12
6762	21
6763	16
6764	19
6765	19
6766	29
6767	17
6768	22
6769	15
6770	17
6771	17
6772	4
6773	12
6774	11
6775	2
6776	4
6777	3
6778	5
6779	5
6780	11
6781	4
6782	16
6783	17
6784	12
6785	7
6786	17
6787	20
6788	4
6789	24
6790	26
6791	19
6792	24
6793	8
6794	3
6795	18
6796	9
6797	15
6798	4
6799	19
6800	13
6801	14
6802	11
6803	14
6804	11
6805	23
6806	11
6807	10
6808	21
6809	7
6810	28
6811	1
6812	9
6813	23
6814	12
6815	21
6816	11
6817	4
6818	27
6819	1
6820	7
6821	10
6822	29
6823	16
6824	7
6825	20
6826	17
6827	26
6828	12
6829	5
6830	15
6831	28
6832	25
6833	14
6834	23
6835	4
6836	21
6837	11
6838	19
6839	16
6840	9
6841	16
6842	26
6843	28
6844	14
6845	14
6846	26
6847	28
6848	13
6849	5
6850	29
6851	17
6852	3
6853	2
6854	16
6855	19
6856	5
6857	24
6858	16
6859	26
6860	14
6861	17
6862	25
6863	6
6864	22
6865	6
6866	7
6867	24
6868	13
6869	24
6870	21
6871	10
6872	9
6873	2
6874	19
6875	14
6876	21
6877	12
6878	19
6879	13
6880	5
6881	16
6882	19
6883	10
6884	13
6885	28
6886	15
6887	13
6888	8
6889	9
6890	15
6891	11
6892	13
6893	14
6894	1
6895	3
6896	1
6897	29
6898	4
6899	4
6900	12
6901	18
6902	27
6903	11
6904	19
6905	24
6906	19
6907	3
6908	6
6909	12
6910	15
6911	3
6912	10
6913	28
6914	14
6915	26
6916	11
6917	19
6918	16
6919	7
6920	24
6921	1
6922	11
6923	2
6924	7
6925	5
6926	23
6927	22
6928	24
6929	4
6930	11
6931	24
6932	3
6933	11
6934	21
6935	4
6936	9
6937	28
6938	1
6939	20
6940	20
6941	3
6942	15
6943	19
6944	29
6945	14
6946	4
6947	21
6948	19
6949	13
6950	13
6951	2
6952	5
6953	23
6954	13
6955	5
6956	3
6957	1
6958	20
6959	19
6960	28
6961	16
6962	4
6963	15
6964	29
6965	27
6966	10
6967	21
6968	10
6969	28
6970	29
6971	2
6972	1
6973	13
6974	1
6975	3
6976	23
6977	19
6978	21
6979	24
6980	3
6981	15
6982	13
6983	19
6984	15
6985	21
6986	14
6987	5
6988	26
6989	7
6990	13
6991	13
6992	9
6993	2
6994	9
6995	20
6996	5
6997	9
6998	24
6999	13
7000	10
7001	17
7002	29
7003	9
7004	22
7005	14
7006	7
7007	24
7008	22
7009	3
7010	28
7011	13
7012	12
7013	16
7014	1
7015	1
7016	4
7017	24
7018	28
7019	28
7020	13
7021	16
7022	7
7023	28
7024	23
7025	29
7026	28
7027	3
7028	5
7029	17
7030	8
7031	20
7032	9
7033	27
7034	27
7035	23
7036	4
7037	11
7038	20
7039	21
7040	2
7041	20
7042	25
7043	23
7044	4
7045	4
7046	13
7047	1
7048	29
7049	24
7050	19
7051	1
7052	12
7053	11
7054	22
7055	20
7056	3
7057	11
7058	21
7059	28
7060	3
7061	11
7062	28
7063	17
7064	26
7065	16
7066	19
7067	9
7068	24
7069	28
7070	29
7071	15
7072	15
7073	17
7074	14
7075	24
7076	22
7077	19
7078	13
7079	13
7080	7
7081	13
7082	5
7083	23
7084	17
7085	11
7086	29
7087	13
7088	3
7089	15
7090	18
7091	10
7092	10
7093	29
7094	22
7095	15
7096	5
7097	28
7098	1
7099	11
7100	15
7101	28
7102	11
7103	24
7104	21
7105	21
7106	23
7107	15
7108	28
7109	19
7110	6
7111	10
7112	20
7113	9
7114	9
7115	10
7116	9
7117	21
7118	1
7119	26
7120	21
7121	10
7122	21
7123	3
7124	16
7125	22
7126	27
7127	28
7128	4
7129	7
7130	2
7131	28
7132	11
7133	12
7134	5
7135	19
7136	1
7137	1
7138	11
7139	21
7140	20
7141	22
7142	9
7143	14
7144	7
7145	29
7146	7
7147	26
7148	2
7149	4
7150	15
7151	11
7152	6
7153	16
7154	17
7155	19
7156	14
7157	25
7158	28
7159	13
7160	18
7161	18
7162	17
7163	8
7164	12
7165	27
7166	12
7167	10
7168	5
7169	23
7170	4
7171	3
7172	1
7173	26
7174	9
7175	22
7176	5
7177	21
7178	23
7179	3
7180	1
7181	20
7182	9
7183	7
7184	8
7185	17
7186	3
7187	10
7188	3
7189	4
7190	16
7191	14
7192	2
7193	2
7194	19
7195	22
7196	14
7197	27
7198	23
7199	5
7200	20
7201	15
7202	22
7203	2
7204	14
7205	14
7206	14
7207	13
7208	20
7209	26
7210	21
7211	26
7212	15
7213	5
7214	26
7215	20
7216	12
7217	17
7218	14
7219	7
7220	3
7221	13
7222	3
7223	14
7224	20
7225	1
7226	7
7227	1
7228	3
7229	23
7230	26
7231	15
7232	16
7233	19
7234	21
7235	14
7236	9
7237	22
7238	2
7239	4
7240	23
7241	21
7242	29
7243	13
7244	20
7245	2
7246	17
7247	29
7248	17
7249	1
7250	27
7251	27
7252	9
7253	23
7254	26
7255	16
7256	10
7257	29
7258	19
7259	13
7260	1
7261	3
7262	4
7263	7
7264	7
7265	5
7266	26
7267	27
7268	13
7269	19
7270	23
7271	27
7272	1
7273	15
7274	14
7275	11
7276	28
7277	15
7278	29
7279	20
7280	3
7281	26
7282	7
7283	26
7284	28
7285	14
7286	12
7287	23
7288	23
7289	12
7290	15
7291	22
7292	26
7293	12
7294	27
7295	12
7296	12
7297	5
7298	24
7299	19
7300	19
7301	21
7302	10
7303	28
7304	10
7305	14
7306	24
7307	1
7308	10
7309	28
7310	23
7311	1
7312	2
7313	16
7314	14
7315	5
7316	15
7317	17
7318	26
7319	27
7320	15
7321	17
7322	11
7323	21
7324	4
7325	14
7326	12
7327	13
7328	5
7329	16
7330	15
7331	1
7332	7
7333	28
7334	4
7335	9
7336	28
7337	16
7338	29
7339	24
7340	23
7341	15
7342	12
7343	27
7344	29
7345	19
7346	29
7347	3
7348	3
7349	14
7350	22
7351	12
7352	28
7353	29
7354	27
7355	16
7356	21
7357	24
7358	4
7359	12
7360	2
7361	23
7362	23
7363	26
7364	17
7365	9
7366	20
7367	23
7368	21
7369	21
7370	2
7371	2
7372	27
7373	9
7374	14
7375	4
7376	28
7377	9
7378	11
7379	23
7380	22
7381	23
7382	1
7383	1
7384	27
7385	2
7386	13
7387	24
7388	22
7389	12
7390	15
7391	12
7392	16
7393	13
7394	2
7395	24
7396	21
7397	7
7398	28
7399	4
7400	9
7401	11
7402	4
7403	3
7404	17
7405	29
7406	14
7407	2
7408	17
7409	4
7410	15
7411	27
7412	16
7413	22
7414	12
7415	9
7416	17
7417	9
7418	17
7419	16
7420	21
7421	8
7422	14
7423	1
7424	5
7425	29
7426	3
7427	14
7428	17
7429	5
7430	15
7431	1
7432	2
7433	5
7434	29
7435	24
7436	3
7437	1
7438	4
7439	2
7440	10
7441	3
7442	29
7443	4
7444	5
7445	21
7446	24
7447	21
7448	14
7449	23
7450	21
7451	24
7452	2
7453	13
7454	26
7455	26
7456	19
7457	2
7458	13
7459	12
7460	27
7461	19
7462	17
7463	16
7464	27
7465	13
7466	19
7467	17
7468	24
7469	5
7470	21
7471	2
7472	24
7473	26
7474	3
7475	6
7476	17
7477	27
7478	7
7479	29
7480	5
7481	1
7482	21
7483	11
7484	12
7485	26
7486	19
7487	26
7488	16
7489	10
7490	27
7491	22
7492	26
7493	3
7494	4
7495	20
7496	23
7497	4
7498	28
7499	7
7500	16
7501	29
7502	4
7503	5
7504	9
7505	19
7506	7
7507	21
7508	1
7509	1
7510	21
7511	28
7512	11
7513	23
7514	21
7515	1
7516	21
7517	9
7518	26
7519	28
7520	10
7521	24
7522	20
7523	17
7524	5
7525	20
7526	16
7527	29
7528	7
7529	13
7530	5
7531	27
7532	20
7533	10
7534	13
7535	4
7536	12
7537	18
7538	3
7539	7
7540	10
7541	23
7542	28
7543	28
7544	24
7545	10
7546	20
7547	24
7548	12
7549	15
7550	20
7551	4
7552	20
7553	9
7554	10
7555	15
7556	19
7557	14
7558	27
7559	21
7560	4
7561	12
7562	10
7563	14
7564	17
7565	20
7566	3
7567	24
7568	13
7569	7
7570	26
7571	5
7572	24
7573	2
7574	14
7575	5
7576	12
7577	5
7578	29
7579	2
7580	1
7581	27
7582	28
7583	11
7584	15
7585	13
7586	14
7587	29
7588	27
7589	4
7590	20
7591	28
7592	3
7593	28
7594	7
7595	28
7596	27
7597	11
7598	29
7599	24
7600	16
7601	17
7602	2
7603	15
7604	15
7605	14
7606	12
7607	9
7608	4
7609	1
7610	4
7611	3
7612	9
7613	16
7614	3
7615	11
7616	15
7617	26
7618	10
7619	2
7620	17
7621	27
7622	21
7623	7
7624	28
7625	9
7626	17
7627	5
7628	15
7629	7
7630	26
7631	7
7632	25
7633	15
7634	4
7635	23
7636	12
7637	18
7638	17
7639	7
7640	13
7641	16
7642	29
7643	13
7644	29
7645	10
7646	21
7647	24
7648	17
7649	9
7650	29
7651	17
7652	15
7653	9
7654	29
7655	22
7656	22
7657	19
7658	11
7659	21
7660	7
7661	1
7662	18
7663	19
7664	28
7665	23
7666	2
7667	10
7668	12
7669	1
7670	21
7671	26
7672	17
7673	12
7674	23
7675	17
7676	13
7677	28
7678	20
7679	3
7680	3
7681	23
7682	13
7683	8
7684	22
7685	12
7686	3
7687	9
7688	14
7689	10
7690	7
7691	29
7692	2
7693	3
7694	19
7695	14
7696	12
7697	24
7698	7
7699	14
7700	29
7701	5
7702	23
7703	1
7704	5
7705	16
7706	5
7707	17
7708	7
7709	21
7710	4
7711	1
7712	2
7713	15
7714	26
7715	3
7716	3
7717	18
7718	20
7719	22
7720	5
7721	10
7722	2
7723	18
7724	1
7725	21
7726	24
7727	1
7728	18
7729	26
7730	23
7731	20
7732	19
7733	13
7734	21
7735	17
7736	16
7737	29
7738	14
7739	2
7740	2
7741	19
7742	13
7743	27
7744	9
7745	4
7746	7
7747	15
7748	5
7749	19
7750	18
7751	14
7752	9
7753	3
7754	1
7755	3
7756	3
7757	4
7758	10
7759	23
7760	23
7761	20
7762	28
7763	16
7764	4
7765	14
7766	17
7767	19
7768	20
7769	18
7770	1
7771	17
7772	24
7773	5
7774	25
7775	10
7776	23
7777	4
7778	2
7779	20
7780	3
7781	12
7782	7
7783	19
7784	10
7785	7
7786	7
7787	29
7788	13
7789	9
7790	29
7791	23
7792	1
7793	13
7794	15
7795	15
7796	5
7797	9
7798	19
7799	18
7800	12
7801	20
7802	11
7803	26
7804	14
7805	18
7806	24
7807	11
7808	16
7809	20
7810	7
7811	9
7812	9
7813	21
7814	20
7815	5
7816	11
7817	17
7818	10
7819	13
7820	29
7821	27
7822	3
7823	3
7824	21
7825	4
7826	24
7827	9
7828	24
7829	3
7830	27
7831	24
7832	21
7833	9
7834	28
7835	2
7836	3
7837	12
7838	27
7839	29
7840	7
7841	19
7842	5
7843	27
7844	9
7845	15
7846	23
7847	13
7848	19
7849	3
7850	2
7851	27
7852	8
7853	28
7854	17
7855	25
7856	28
7857	26
7858	15
7859	3
7860	1
7861	14
7862	5
7863	19
7864	5
7865	12
7866	15
7867	26
7868	20
7869	17
7870	13
7871	23
7872	27
7873	16
7874	4
7875	19
7876	17
7877	5
7878	17
7879	3
7880	3
7881	7
7882	4
7883	4
7884	8
7885	19
7886	27
7887	21
7888	20
7889	3
7890	24
7891	21
7892	18
7893	22
7894	20
7895	13
7896	7
7897	12
7898	26
7899	10
7900	14
7901	29
7902	16
7903	27
7904	19
7905	25
7906	7
7907	12
7908	12
7909	1
7910	7
7911	15
7912	16
7913	17
7914	29
7915	12
7916	18
7917	2
7918	23
7919	23
7920	13
7921	23
7922	5
7923	16
7924	10
7925	28
7926	2
7927	18
7928	29
7929	7
7930	14
7931	13
7932	17
7933	20
7934	3
7935	21
7936	8
7937	26
7938	29
7939	15
7940	21
7941	15
7942	4
7943	29
7944	11
7945	20
7946	21
7947	1
7948	2
7949	3
7950	15
7951	3
7952	29
7953	5
7954	21
7955	29
7956	4
7957	18
7958	9
7959	25
7960	3
7961	15
7962	18
7963	28
7964	5
7965	25
7966	12
7967	1
7968	7
7969	16
7970	13
7971	7
7972	24
7973	17
7974	15
7975	14
7976	14
7977	29
7978	5
7979	10
7980	3
7981	21
7982	18
7983	20
7984	3
7985	2
7986	13
7987	12
7988	24
7989	24
7990	24
7991	2
7992	19
7993	27
7994	16
7995	15
7996	25
7997	27
7998	19
7999	25
8000	3
8001	9
8002	10
8003	11
8004	28
8005	13
8006	22
8007	10
8008	4
8009	29
8010	4
8011	12
8012	14
8013	5
8014	11
8015	19
8016	24
8017	16
8018	17
8019	28
8020	27
8021	9
8022	14
8023	10
8024	9
8025	21
8026	10
8027	14
8028	7
8029	16
8030	12
8031	20
8032	16
8033	3
8034	11
8035	3
8036	18
8037	12
8038	16
8039	28
8040	1
8041	1
8042	28
8043	25
8044	10
8045	17
8046	2
8047	4
8048	19
8049	14
8050	26
8051	21
8052	14
8053	27
8054	29
8055	1
8056	28
8057	19
8058	17
8059	15
8060	18
8061	29
8062	15
8063	18
8064	24
8065	9
8066	12
8067	19
8068	9
8069	17
8070	5
8071	24
8072	17
8073	8
8074	8
8075	7
8076	21
8077	3
8078	1
8079	22
8080	8
8081	5
8082	25
8083	28
8084	20
8085	20
8086	16
8087	4
8088	10
8089	18
8090	25
8091	3
8092	19
8093	25
8094	5
8095	22
8096	4
8097	11
8098	14
8099	21
8100	21
8101	21
8102	14
8103	28
8104	22
8105	27
8106	3
8107	21
8108	1
8109	21
8110	15
8111	28
8112	9
8113	17
8114	12
8115	19
8116	10
8117	2
8118	21
8119	14
8120	10
8121	25
8122	16
8123	21
8124	9
8125	25
8126	13
8127	27
8128	1
8129	2
8130	28
8131	29
8132	7
8133	8
8134	25
8135	15
8136	11
8137	16
8138	26
8139	2
8140	3
8141	18
8142	14
8143	15
8144	26
8145	4
8146	22
8147	21
8148	19
8149	21
8150	28
8151	3
8152	17
8153	22
8154	26
8155	21
8156	8
8157	18
8158	22
8159	4
8160	5
8161	20
8162	24
8163	26
8164	17
8165	7
8166	20
8167	2
8168	9
8169	11
8170	17
8171	18
8172	15
8173	7
8174	14
8175	17
8176	21
8177	3
8178	28
8179	29
8180	3
8181	3
8182	24
8183	3
8184	18
8185	18
8186	27
8187	12
8188	3
8189	7
8190	9
8191	2
8192	19
8193	23
8194	4
8195	5
8196	10
8197	13
8198	9
8199	1
8200	15
8201	4
8202	8
8203	8
8204	21
8205	29
8206	4
8207	23
8208	24
8209	26
8210	3
8211	15
8212	25
8213	15
8214	13
8215	15
8216	9
8217	23
8218	23
8219	17
8220	5
8221	8
8222	5
8223	9
8224	12
8225	16
8226	12
8227	22
8228	24
8229	5
8230	23
8231	15
8232	2
8233	24
8234	26
8235	9
8236	14
8237	14
8238	16
8239	18
8240	7
8241	5
8242	1
8243	20
8244	28
8245	5
8246	9
8247	28
8248	7
8249	11
8250	27
8251	5
8252	11
8253	13
8254	19
8255	28
8256	27
8257	17
8258	15
8259	11
8260	5
8261	25
8262	5
8263	14
8264	20
8265	26
8266	2
8267	4
8268	20
8269	12
8270	11
8271	10
8272	22
8273	7
8274	18
8275	18
8276	16
8277	16
8278	9
8279	16
8280	21
8281	21
8282	25
8283	1
8284	2
8285	28
8286	4
8287	17
8288	27
8289	12
8290	10
8291	1
8292	16
8293	22
8294	2
8295	13
8296	11
8297	16
8298	20
8299	23
8300	13
8301	23
8302	19
8303	12
8304	22
8305	1
8306	16
8307	11
8308	26
8309	2
8310	14
8311	1
8312	5
8313	1
8314	9
8315	12
8316	19
8317	12
8318	17
8319	19
8320	15
8321	22
8322	20
8323	8
8324	14
8325	12
8326	11
8327	15
8328	19
8329	22
8330	3
8331	26
8332	24
8333	16
8334	15
8335	13
8336	3
8337	17
8338	12
8339	10
8340	19
8341	18
8342	26
8343	22
8344	18
8345	27
8346	21
8347	20
8348	15
8349	1
8350	15
8351	4
8352	17
8353	22
8354	4
8355	9
8356	22
8357	13
8358	4
8359	17
8360	13
8361	5
8362	8
8363	7
8364	26
8365	24
8366	18
8367	8
8368	7
8369	24
8370	16
8371	17
8372	13
8373	3
8374	25
8375	5
8376	25
8377	6
8378	23
8379	23
8380	27
8381	11
8382	9
8383	18
8384	27
8385	4
8386	29
8387	23
8388	26
8389	2
8390	8
8391	16
8392	5
8393	26
8394	21
8395	25
8396	25
8397	17
8398	18
8399	21
8400	13
8401	1
8402	19
8403	9
8404	22
8405	18
8406	5
8407	10
8408	8
8409	29
8410	25
8411	1
8412	23
8413	12
8414	20
8415	16
8416	25
8417	20
8418	11
8419	16
8420	14
8421	28
8422	13
8423	21
8424	27
8425	22
8426	15
8427	3
8428	29
8429	3
8430	12
8431	14
8432	13
8433	2
8434	17
8435	16
8436	25
8437	12
8438	23
8439	21
8440	24
8441	15
8442	11
8443	22
8444	26
8445	17
8446	19
8447	4
8448	29
8449	16
8450	23
8451	29
8452	21
8453	25
8454	28
8455	29
8456	3
8457	21
8458	8
8459	5
8460	23
8461	14
8462	14
8463	29
8464	16
8465	1
8466	3
8467	9
8468	19
8469	16
8470	13
8471	9
8472	25
8473	4
8474	19
8475	5
8476	1
8477	4
8478	12
8479	1
8480	21
8481	11
8482	20
8483	2
8484	17
8485	3
8486	10
8487	5
8488	1
8489	14
8490	27
8491	19
8492	7
8493	23
8494	18
8495	18
8496	22
8497	25
8498	10
8499	22
8500	4
8501	20
8502	7
8503	27
8504	6
8505	15
8506	18
8507	27
8508	11
8509	21
8510	9
8511	12
8512	11
8513	18
8514	17
8515	10
8516	23
8517	27
8518	27
8519	5
8520	10
8521	27
8522	8
8523	8
8524	4
8525	19
8526	23
8527	12
8528	20
8529	12
8530	2
8531	28
8532	9
8533	20
8534	17
8535	11
8536	28
8537	6
8538	8
8539	14
8540	11
8541	9
8542	1
8543	4
8544	18
8545	2
8546	16
8547	13
8548	18
8549	22
8550	6
8551	8
8552	15
8553	17
8554	23
8555	15
8556	12
8557	8
8558	22
8559	7
8560	16
8561	11
8562	15
8563	3
8564	15
8565	11
8566	27
8567	2
8568	25
8569	24
8570	18
8571	6
8572	4
8573	22
8574	26
8575	26
8576	19
8577	23
8578	1
8579	19
8580	13
8581	23
8582	1
8583	15
8584	3
8585	5
8586	12
8587	24
8588	5
8589	19
8590	22
8591	5
8592	24
8593	5
8594	26
8595	13
8596	13
8597	25
8598	6
8599	27
8600	11
8601	20
8602	17
8603	4
8604	17
8605	10
8606	23
8607	29
8608	1
8609	23
8610	28
8611	26
8612	2
8613	27
8614	5
8615	19
8616	24
8617	18
8618	9
8619	28
8620	3
8621	3
8622	4
8623	24
8624	20
8625	9
8626	2
8627	21
8628	4
8629	26
8630	19
8631	15
8632	25
8633	7
8634	21
8635	5
8636	3
8637	19
8638	11
8639	11
8640	13
8641	20
8642	21
8643	6
8644	15
8645	19
8646	9
8647	19
8648	23
8649	21
8650	25
8651	3
8652	6
8653	18
8654	1
8655	20
8656	13
8657	7
8658	5
8659	19
8660	29
8661	29
8662	5
8663	15
8664	6
8665	2
8666	25
8667	20
8668	5
8669	11
8670	2
8671	22
8672	26
8673	3
8674	1
8675	19
8676	21
8677	7
8678	28
8679	14
8680	24
8681	4
8682	18
8683	8
8684	16
8685	26
8686	23
8687	27
8688	19
8689	4
8690	26
8691	5
8692	18
8693	23
8694	25
8695	24
8696	22
8697	4
8698	16
8699	10
8700	28
8701	1
8702	11
8703	7
8704	12
8705	3
8706	13
8707	12
8708	24
8709	18
8710	22
8711	10
8712	12
8713	15
8714	7
8715	26
8716	27
8717	29
8718	5
8719	9
8720	13
8721	18
8722	3
8723	24
8724	3
8725	14
8726	27
8727	20
8728	13
8729	1
8730	5
8731	3
8732	27
8733	8
8734	23
8735	5
8736	17
8737	3
8738	5
8739	3
8740	12
8741	2
8742	22
8743	7
8744	19
8745	18
8746	25
8747	7
8748	12
8749	14
8750	9
8751	22
8752	4
8753	2
8754	28
8755	11
8756	1
8757	27
8758	26
8759	5
8760	19
8761	16
8762	24
8763	26
8764	7
8765	15
8766	3
8767	25
8768	19
8769	24
8770	18
8771	16
8772	16
8773	5
8774	21
8775	13
8776	7
8777	26
8778	2
8779	8
8780	23
8781	22
8782	25
8783	20
8784	2
8785	28
8786	21
8787	26
8788	4
8789	2
8790	18
8791	14
8792	25
8793	4
8794	11
8795	1
8796	24
8797	23
8798	7
8799	4
8800	21
8801	20
8802	28
8803	24
8804	15
8805	7
8806	18
8807	7
8808	13
8809	6
8810	9
8811	6
8812	25
8813	14
8814	11
8815	19
8816	9
8817	6
8818	3
8819	8
8820	21
8821	13
8822	22
8823	29
8824	8
8825	27
8826	24
8827	9
8828	25
8829	19
8830	23
8831	13
8832	29
8833	26
8834	25
8835	7
8836	5
8837	7
8838	16
8839	14
8840	14
8841	28
8842	7
8843	14
8844	13
8845	5
8846	19
8847	1
8848	5
8849	23
8850	5
8851	29
8852	2
8853	8
8854	16
8855	28
8856	3
8857	16
8858	3
8859	5
8860	12
8861	12
8862	16
8863	5
8864	14
8865	6
8866	29
8867	24
8868	22
8869	19
8870	13
8871	25
8872	28
8873	8
8874	20
8875	18
8876	1
8877	20
8878	3
8879	7
8880	23
8881	24
8882	5
8883	15
8884	5
8885	7
8886	8
8887	11
8888	25
8889	25
8890	16
8891	26
8892	20
8893	7
8894	20
8895	17
8896	5
8897	8
8898	26
8899	23
8900	21
8901	11
8902	16
8903	12
8904	11
8905	14
8906	12
8907	19
8908	9
8909	14
8910	1
8911	26
8912	6
8913	12
8914	3
8915	7
8916	24
8917	23
8918	2
8919	19
8920	10
8921	15
8922	21
8923	1
8924	17
8925	3
8926	15
8927	27
8928	18
8929	1
8930	20
8931	16
8932	29
8933	11
8934	3
8935	25
8936	29
8937	13
8938	6
8939	13
8940	6
8941	28
8942	10
8943	23
8944	14
8945	22
8946	19
8947	15
8948	11
8949	9
8950	5
8951	2
8952	14
8953	17
8954	1
8955	4
8956	29
8957	18
8958	7
8959	29
8960	21
8961	8
8962	21
8963	8
8964	26
8965	13
8966	18
8967	5
8968	1
8969	5
8970	5
8971	16
8972	1
8973	4
8974	2
8975	28
8976	17
8977	7
8978	5
8979	24
8980	24
8981	6
8982	22
8983	9
8984	24
8985	3
8986	6
8987	4
8988	26
8989	29
8990	21
8991	12
8992	14
8993	26
8994	4
8995	8
8996	22
8997	20
8998	9
8999	15
9000	7
9001	9
9002	7
9003	15
9004	29
9005	14
9006	10
9007	14
9008	14
9009	5
9010	8
9011	3
9012	24
9013	26
9014	6
9015	5
9016	5
9017	15
9018	11
9019	21
9020	27
9021	12
9022	20
9023	11
9024	21
9025	12
9026	1
9027	12
9028	5
9029	22
9030	17
9031	15
9032	23
9033	21
9034	29
9035	28
9036	3
9037	2
9038	10
9039	18
9040	27
9041	6
9042	19
9043	13
9044	28
9045	1
9046	11
9047	26
9048	13
9049	11
9050	8
9051	18
9052	5
9053	15
9054	7
9055	21
9056	23
9057	4
9058	2
9059	10
9060	16
9061	23
9062	26
9063	6
9064	11
9065	14
9066	19
9067	27
9068	28
9069	20
9070	13
9071	23
9072	28
9073	5
9074	28
9075	7
9076	15
9077	25
9078	3
9079	17
9080	16
9081	11
9082	20
9083	2
9084	9
9085	24
9086	4
9087	25
9088	19
9089	19
9090	26
9091	4
9092	3
9093	11
9094	26
9095	15
9096	23
9097	14
9098	3
9099	5
9100	13
9101	14
9102	9
9103	25
9104	3
9105	19
9106	3
9107	23
9108	13
9109	12
9110	1
9111	16
9112	22
9113	23
9114	6
9115	26
9116	14
9117	6
9118	18
9119	21
9120	28
9121	7
9122	11
9123	14
9124	15
9125	13
9126	8
9127	22
9128	4
9129	20
9130	25
9131	8
9132	15
9133	12
9134	3
9135	2
9136	4
9137	17
9138	2
9139	21
9140	2
9141	14
9142	7
9143	1
9144	9
9145	24
9146	25
9147	20
9148	10
9149	13
9150	27
9151	27
9152	18
9153	18
9154	3
9155	22
9156	18
9157	11
9158	10
9159	20
9160	19
9161	19
9162	10
9163	12
9164	13
9165	20
9166	25
9167	13
9168	7
9169	16
9170	2
9171	21
9172	4
9173	8
9174	15
9175	29
9176	20
9177	27
9178	7
9179	21
9180	7
9181	14
9182	12
9183	26
9184	17
9185	12
9186	17
9187	16
9188	24
9189	6
9190	14
9191	12
9192	21
9193	24
9194	21
9195	24
9196	12
9197	16
9198	16
9199	10
9200	13
9201	16
9202	19
9203	1
9204	20
9205	27
9206	11
9207	19
9208	14
9209	10
9210	6
9211	27
9212	24
9213	8
9214	15
9215	9
9216	9
9217	25
9218	25
9219	29
9220	3
9221	16
9222	5
9223	7
9224	3
9225	25
9226	16
9227	6
9228	11
9229	17
9230	19
9231	23
9232	21
9233	23
9234	23
9235	25
9236	21
9237	21
9238	17
9239	1
9240	9
9241	6
9242	9
9243	3
9244	20
9245	28
9246	24
9247	10
9248	8
9249	14
9250	9
9251	23
9252	21
9253	17
9254	22
9255	7
9256	29
9257	22
9258	26
9259	25
9260	8
9261	26
9262	16
9263	8
9264	24
9265	17
9266	22
9267	1
9268	5
9269	22
9270	17
9271	22
9272	26
9273	17
9274	10
9275	16
9276	8
9277	28
9278	26
9279	16
9280	25
9281	12
9282	7
9283	6
9284	6
9285	13
9286	29
9287	16
9288	26
9289	10
9290	6
9291	23
9292	17
9293	17
9294	17
9295	10
9296	23
9297	25
9298	23
9299	21
9300	2
9301	12
9302	9
9303	22
9304	29
9305	13
9306	20
9307	23
9308	27
9309	14
9310	18
9311	12
9312	13
9313	11
9314	19
9315	7
9316	25
9317	9
9318	2
9319	26
9320	20
9321	21
9322	19
9323	6
9324	29
9325	9
9326	28
9327	19
9328	10
9329	18
9330	11
9331	9
9332	10
9333	3
9334	21
9335	15
9336	1
9337	11
9338	5
9339	5
9340	19
9341	11
9342	13
9343	22
9344	21
9345	19
9346	14
9347	19
9348	13
9349	27
9350	29
9351	2
9352	1
9353	26
9354	14
9355	26
9356	24
9357	28
9358	17
9359	5
9360	2
9361	16
9362	27
9363	2
9364	14
9365	27
9366	3
9367	29
9368	12
9369	16
9370	1
9371	19
9372	11
9373	2
9374	5
9375	17
9376	3
9377	19
9378	14
9379	25
9380	2
9381	22
9382	26
9383	14
9384	22
9385	8
9386	24
9387	20
9388	16
9389	25
9390	2
9391	17
9392	17
9393	17
9394	27
9395	18
9396	24
9397	3
9398	27
9399	7
9400	18
9401	9
9402	8
9403	12
9404	16
9405	28
9406	13
9407	15
9408	16
9409	27
9410	3
9411	19
9412	14
9413	25
9414	6
9415	9
9416	16
9417	27
9418	11
9419	20
9420	3
9421	12
9422	6
9423	25
9424	16
9425	6
9426	17
9427	17
9428	23
9429	15
9430	19
9431	18
9432	8
9433	2
9434	20
9435	1
9436	23
9437	16
9438	25
9439	5
9440	2
9441	4
9442	13
9443	4
9444	19
9445	26
9446	3
9447	28
9448	11
9449	20
9450	28
9451	14
9452	21
9453	15
9454	1
9455	15
9456	23
9457	18
9458	16
9459	25
9460	21
9461	18
9462	27
9463	23
9464	23
9465	21
9466	23
9467	23
9468	4
9469	1
9470	16
9471	7
9472	24
9473	6
9474	8
9475	26
9476	18
9477	19
9478	11
9479	15
9480	11
9481	26
9482	3
9483	4
9484	28
9485	7
9486	10
9487	13
9488	12
9489	12
9490	24
9491	2
9492	10
9493	1
9494	3
9495	11
9496	19
9497	29
9498	1
9499	9
9500	21
9501	4
9502	17
9503	8
9504	9
9505	22
9506	5
9507	23
9508	28
9509	8
9510	15
9511	21
9512	22
9513	11
9514	6
9515	1
9516	7
9517	12
9518	23
9519	17
9520	29
9521	23
9522	25
9523	26
9524	4
9525	15
9526	9
9527	11
9528	1
9529	4
9530	28
9531	16
9532	10
9533	4
9534	15
9535	2
9536	25
9537	8
9538	29
9539	12
9540	27
9541	7
9542	2
9543	29
9544	22
9545	25
9546	13
9547	26
9548	6
9549	6
9550	8
9551	16
9552	23
9553	23
9554	20
9555	15
9556	21
9557	23
9558	21
9559	23
9560	20
9561	9
9562	14
9563	12
9564	6
9565	23
9566	3
9567	1
9568	20
9569	1
9570	9
9571	5
9572	20
9573	9
9574	5
9575	14
9576	22
9577	15
9578	2
9579	14
9580	13
9581	9
9582	9
9583	9
9584	4
9585	9
9586	26
9587	24
9588	5
9589	3
9590	8
9591	7
9592	5
9593	28
9594	26
9595	19
9596	15
9597	5
9598	4
9599	21
9600	13
9601	11
9602	29
9603	23
9604	29
9605	6
9606	21
9607	19
9608	27
9609	9
9610	10
9611	1
9612	26
9613	22
9614	1
9615	14
9616	9
9617	4
9618	22
9619	1
9620	19
9621	3
9622	25
9623	10
9624	27
9625	17
9626	23
9627	25
9628	24
9629	23
9630	18
9631	23
9632	22
9633	19
9634	9
9635	10
9636	10
9637	3
9638	24
9639	3
9640	5
9641	11
9642	15
9643	22
9644	15
9645	19
9646	1
9647	17
9648	10
9649	29
9650	6
9651	15
9652	15
9653	21
9654	18
9655	28
9656	16
9657	29
9658	6
9659	3
9660	17
9661	6
9662	29
9663	8
9664	22
9665	5
9666	12
9667	2
9668	29
9669	5
9670	25
9671	16
9672	2
9673	7
9674	7
9675	17
9676	25
9677	23
9678	22
9679	16
9680	28
9681	10
9682	1
9683	23
9684	28
9685	7
9686	18
9687	4
9688	4
9689	6
9690	5
9691	8
9692	2
9693	5
9694	23
9695	2
9696	16
9697	17
9698	21
9699	25
9700	20
9701	13
9702	6
9703	3
9704	21
9705	1
9706	12
9707	15
9708	29
9709	22
9710	24
9711	10
9712	4
9713	3
9714	16
9715	28
9716	22
9717	11
9718	21
9719	20
9720	13
9721	1
9722	11
9723	28
9724	14
9725	10
9726	13
9727	19
9728	20
9729	4
9730	9
9731	29
9732	28
9733	2
9734	23
9735	19
9736	3
9737	15
9738	21
9739	12
9740	16
9741	19
9742	19
9743	3
9744	1
9745	19
9746	10
9747	25
9748	9
9749	3
9750	29
9751	12
9752	28
9753	10
9754	23
9755	13
9756	3
9757	19
9758	10
9759	20
9760	14
9761	16
9762	12
9763	19
9764	7
9765	19
9766	20
9767	8
9768	6
9769	15
9770	27
9771	12
9772	28
9773	28
9774	10
9775	28
9776	28
9777	26
9778	15
9779	18
9780	12
9781	3
9782	9
9783	1
9784	20
9785	28
9786	21
9787	5
9788	5
9789	3
9790	8
9791	15
9792	24
9793	7
9794	13
9795	20
9796	14
9797	24
9798	6
9799	23
9800	20
9801	6
9802	6
9803	24
9804	10
9805	26
9806	11
9807	19
9808	2
9809	23
9810	17
9811	10
9812	3
9813	6
9814	24
9815	28
9816	11
9817	10
9818	26
9819	15
9820	4
9821	28
9822	10
9823	17
9824	3
9825	28
9826	11
9827	21
9828	5
9829	25
9830	18
9831	25
9832	1
9833	2
9834	1
9835	4
9836	16
9837	27
9838	25
9839	7
9840	28
9841	25
9842	24
9843	5
9844	25
9845	10
9846	18
9847	12
9848	2
9849	4
9850	13
9851	8
9852	21
9853	17
9854	22
9855	29
9856	3
9857	8
9858	11
9859	7
9860	14
9861	25
9862	2
9863	20
9864	12
9865	4
9866	4
9867	11
9868	1
9869	27
9870	7
9871	2
9872	13
9873	26
9874	4
9875	17
9876	25
9877	7
9878	12
9879	15
9880	2
9881	16
9882	25
9883	25
9884	25
9885	8
9886	26
9887	21
9888	14
9889	22
9890	14
9891	12
9892	5
9893	25
9894	7
9895	20
9896	9
9897	23
9898	7
9899	22
9900	4
9901	27
9902	2
9903	6
9904	15
9905	29
9906	27
9907	19
9908	14
9909	7
9910	21
9911	4
9912	7
9913	9
9914	8
9915	21
9916	17
9917	28
9918	5
9919	9
9920	9
9921	8
9922	5
9923	28
9924	10
9925	28
9926	26
9927	15
9928	6
9929	10
9930	6
9931	27
9932	24
9933	23
9934	25
9935	11
9936	14
9937	25
9938	6
9939	18
9940	23
9941	20
9942	13
9943	29
9944	24
9945	29
9946	22
9947	4
9948	25
9949	10
9950	28
9951	2
9952	12
9953	1
9954	6
9955	12
9956	29
9957	2
9958	19
9959	10
9960	27
9961	3
9962	14
9963	16
9964	6
9965	9
9966	10
9967	15
9968	19
9969	2
9970	24
9971	11
9972	24
9973	7
9974	28
9975	3
9976	23
9977	24
9978	19
9979	3
9980	26
9981	13
9982	20
9983	7
9984	22
9985	5
9986	23
9987	17
9988	17
9989	29
9990	17
9991	23
9992	15
9993	8
9994	18
9995	17
9996	7
9997	14
9998	25
9999	17
10000	9
