1	93
1	128
1	144
1	195
1	247
1	253
1	268
1	297
1	305
1	500
2	24
2	78
2	94
2	106
2	127
2	179
2	208
2	209
2	221
2	272
2	275
2	280
2	295
2	404
2	409
2	421
2	429
2	454
2	458
2	469
2	498
3	11
3	34
3	35
3	52
3	56
3	77
3	107
3	236
3	244
3	323
3	326
3	382
3	410
3	454
3	471
3	492
4	12
4	63
4	111
4	136
4	153
4	190
4	196
4	264
4	336
4	361
4	398
4	476
5	7
5	17
5	22
5	131
5	202
5	232
5	373
5	393
5	448
6	11
6	35
6	52
6	107
6	109
6	236
6	325
6	368
6	418
6	454
6	471
6	492
7	5
7	17
7	22
7	23
7	120
7	131
7	151
7	158
7	159
7	198
7	232
7	238
7	251
7	266
7	287
7	407
7	432
7	433
7	441
7	473
7	478
8	166
8	174
8	248
8	334
8	360
8	375
8	418
8	460
8	462
9	16
9	178
9	187
9	237
9	247
9	305
9	383
9	435
9	500
10	25
10	64
10	77
10	82
10	113
10	114
10	145
10	195
10	241
10	267
10	284
10	350
10	353
10	371
10	389
10	427
10	464
11	3
11	6
11	25
11	34
11	35
11	36
11	52
11	53
11	56
11	70
11	96
11	107
11	109
11	208
11	236
11	368
11	382
11	410
11	454
11	471
11	476
11	492
12	4
12	31
12	63
12	111
12	190
12	264
12	336
12	361
12	398
13	104
13	147
13	162
13	185
13	191
13	258
13	282
13	353
13	497
14	15
14	101
14	184
14	207
14	212
14	245
14	274
14	291
14	331
14	337
14	370
15	14
15	184
15	212
15	245
15	274
15	291
15	299
15	331
15	337
15	420
16	9
16	107
16	144
16	193
16	220
16	253
16	296
16	305
16	311
16	396
16	411
16	500
17	5
17	7
17	22
17	23
17	131
17	151
17	158
17	159
17	198
17	202
17	232
17	240
17	251
17	266
17	269
17	287
17	399
17	433
17	441
17	457
17	478
18	74
18	94
18	102
18	112
18	156
18	167
18	193
18	216
18	326
18	333
18	423
19	54
19	59
19	90
19	95
19	134
19	183
19	184
19	225
19	475
19	481
20	49
20	164
20	188
20	271
20	285
20	422
20	437
20	471
20	483
20	499
21	51
21	155
21	165
21	186
21	187
21	226
21	234
21	244
21	254
21	299
21	319
21	338
21	363
21	442
22	5
22	7
22	17
22	23
22	116
22	131
22	151
22	158
22	202
22	232
22	238
22	251
22	274
22	303
22	307
22	322
22	393
22	433
23	7
23	17
23	22
23	116
23	131
23	158
23	159
23	170
23	180
23	198
23	202
23	232
23	251
23	265
23	393
23	433
23	441
24	2
24	47
24	78
24	208
24	275
24	280
24	404
24	469
24	496
24	498
25	10
25	11
25	56
25	236
25	368
25	382
25	404
25	410
25	454
25	471
25	492
26	41
26	57
26	87
26	211
26	213
26	285
26	301
26	309
26	320
26	328
26	349
26	389
26	476
27	94
27	112
27	156
27	167
27	191
27	216
27	294
27	326
27	333
27	355
27	357
28	31
28	135
28	148
28	170
28	182
28	343
28	388
28	443
28	479
28	487
29	37
29	38
29	45
29	80
29	91
29	99
29	180
29	211
29	260
29	269
29	277
29	286
29	330
29	338
29	369
29	389
29	391
29	403
29	404
29	414
30	76
30	132
30	146
30	210
30	227
30	296
30	307
30	322
30	324
30	357
30	358
30	366
30	458
31	12
31	28
31	53
31	55
31	83
31	84
31	89
31	168
31	269
31	300
31	315
31	408
31	465
31	466
31	490
32	145
32	156
32	248
32	290
32	317
32	405
32	412
32	426
32	474
32	496
33	107
33	124
33	207
33	231
33	242
33	249
33	299
33	302
33	372
33	401
33	431
33	450
33	452
34	3
34	11
34	35
34	36
34	109
34	121
34	236
34	336
34	368
34	382
34	410
34	454
34	467
34	471
34	492
35	3
35	6
35	11
35	34
35	36
35	52
35	56
35	107
35	109
35	135
35	236
35	308
35	343
35	358
35	368
35	382
35	410
35	454
35	471
35	477
35	492
36	11
36	34
36	35
36	56
36	78
36	109
36	143
36	236
36	368
36	410
36	454
36	492
37	29
37	45
37	171
37	180
37	195
37	211
37	223
37	260
37	268
37	269
37	277
37	286
37	330
37	333
37	338
37	369
37	394
37	400
37	403
37	468
38	29
38	61
38	68
38	74
38	129
38	172
38	192
38	203
38	215
38	227
38	250
38	293
38	295
38	307
38	318
38	365
38	409
38	417
38	418
38	444
38	486
39	64
39	113
39	195
39	241
39	243
39	267
39	284
39	341
39	343
39	347
39	353
39	427
39	436
40	60
40	79
40	143
40	145
40	257
40	265
40	329
40	449
40	481
41	26
41	57
41	87
41	134
41	158
41	213
41	301
41	309
41	320
41	328
41	389
41	397
41	476
42	91
42	140
42	211
42	251
42	260
42	338
42	369
42	391
42	400
42	403
43	64
43	92
43	97
43	244
43	306
43	342
43	397
43	430
43	488
44	60
44	79
44	143
44	199
44	221
44	257
44	332
44	350
44	459
44	481
44	489
45	29
45	37
45	88
45	91
45	92
45	223
45	260
45	269
45	270
45	330
45	333
45	338
45	377
45	391
45	394
45	468
46	48
46	171
46	246
46	364
46	374
46	379
46	394
46	407
46	424
46	499
47	24
47	76
47	81
47	132
47	192
47	227
47	324
47	358
47	448
48	46
48	85
48	117
48	171
48	182
48	235
48	246
48	364
48	374
48	378
48	379
48	407
48	415
48	424
48	480
49	20
49	164
49	188
49	234
49	271
49	285
49	335
49	406
49	422
49	483
49	499
50	98
50	196
50	222
50	259
50	292
50	297
50	351
50	435
50	446
51	21
51	132
51	186
51	187
51	226
51	229
51	234
51	254
51	363
51	497
52	3
52	6
52	11
52	35
52	109
52	236
52	358
52	410
52	416
52	454
52	471
53	11
53	31
53	55
53	84
53	89
53	300
53	381
53	408
53	466
53	481
53	490
54	19
54	59
54	90
54	152
54	177
54	225
54	325
54	346
54	437
55	31
55	53
55	89
55	126
55	138
55	168
55	235
55	283
55	315
55	381
55	408
55	466
55	490
56	3
56	11
56	25
56	35
56	36
56	93
56	109
56	136
56	236
56	360
56	382
56	410
56	454
56	471
56	492
57	26
57	41
57	213
57	264
57	301
57	309
57	320
57	328
57	349
57	380
57	389
57	399
57	401
58	80
58	123
58	200
58	229
58	281
58	290
58	345
58	391
58	412
58	426
58	467
58	495
59	19
59	54
59	90
59	115
59	134
59	168
59	177
59	201
59	225
59	248
59	325
59	354
59	367
59	437
59	475
60	40
60	44
60	79
60	125
60	133
60	143
60	152
60	157
60	199
60	210
60	218
60	257
60	265
60	289
60	320
60	332
60	421
60	434
60	449
60	459
60	481
61	38
61	62
61	68
61	74
61	87
61	88
61	129
61	166
61	172
61	192
61	203
61	215
61	224
61	293
61	313
61	365
61	401
61	409
61	431
61	486
62	61
62	68
62	88
62	129
62	132
62	203
62	215
62	224
62	318
62	365
62	412
62	486
63	4
63	12
63	64
63	111
63	190
63	196
63	264
63	296
63	336
63	398
64	10
64	39
64	43
64	63
64	148
64	153
64	195
64	241
64	267
64	276
64	311
64	341
64	343
64	350
64	464
64	494
65	70
65	214
65	221
65	228
65	298
65	355
65	420
65	461
65	489
66	82
66	96
66	137
66	163
66	200
66	233
66	304
66	352
66	411
66	438
66	463
67	79
67	90
67	133
67	199
67	252
67	257
67	265
67	289
67	332
67	341
67	434
68	38
68	61
68	62
68	74
68	129
68	153
68	166
68	172
68	174
68	203
68	224
68	255
68	318
68	365
68	386
68	409
68	417
68	418
68	446
68	486
69	139
69	149
69	183
69	314
69	316
69	347
69	428
69	447
69	456
69	472
70	11
70	65
70	110
70	214
70	221
70	228
70	298
70	362
70	375
71	104
71	147
71	185
71	212
71	217
71	258
71	282
71	290
71	323
71	373
71	390
71	472
71	497
72	122
72	128
72	141
72	177
72	180
72	181
72	263
72	308
72	387
72	451
73	115
73	243
73	259
73	268
73	273
73	292
73	297
73	351
73	489
74	18
74	38
74	61
74	68
74	129
74	192
74	318
74	409
74	417
74	441
75	86
75	113
75	176
75	341
75	371
75	396
75	427
75	443
75	494
76	30
76	47
76	81
76	132
76	138
76	142
76	146
76	198
76	210
76	227
76	273
76	296
76	313
76	321
76	322
76	324
76	357
76	358
76	416
76	448
77	3
77	10
77	105
77	120
77	126
77	150
77	205
77	217
77	327
77	344
77	354
77	439
77	455
78	2
78	24
78	36
78	106
78	127
78	179
78	208
78	209
78	257
78	272
78	275
78	280
78	295
78	316
78	404
78	405
78	421
78	429
78	458
78	469
78	498
79	40
79	44
79	60
79	67
79	125
79	143
79	156
79	164
79	199
79	218
79	252
79	257
79	265
79	289
79	332
79	396
79	449
79	481
80	29
80	58
80	108
80	123
80	281
80	290
80	311
80	317
80	345
80	376
80	426
80	445
80	467
80	470
81	47
81	76
81	132
81	146
81	210
81	285
81	296
81	321
81	324
81	357
81	448
81	497
82	10
82	66
82	86
82	176
82	267
82	353
82	371
82	427
82	474
83	31
83	84
83	89
83	168
83	315
83	381
83	408
83	466
83	490
84	31
84	53
84	83
84	89
84	93
84	138
84	235
84	300
84	322
84	381
84	408
84	466
84	490
84	498
85	48
85	96
85	137
85	163
85	233
85	352
85	424
85	438
85	463
86	75
86	82
86	114
86	176
86	195
86	204
86	267
86	276
86	329
86	341
86	350
86	353
86	427
86	436
86	452
86	464
86	469
86	494
87	26
87	41
87	61
87	213
87	301
87	309
87	327
87	328
87	380
87	389
87	406
87	462
87	476
88	45
88	61
88	62
88	129
88	293
88	365
88	417
88	458
88	486
89	31
89	53
89	55
89	83
89	84
89	235
89	300
89	310
89	315
89	351
89	381
89	465
89	490
90	19
90	54
90	59
90	67
90	95
90	119
90	134
90	177
90	183
90	201
90	225
90	226
90	325
90	367
90	386
90	437
90	444
90	475
91	29
91	42
91	45
91	180
91	223
91	270
91	277
91	330
91	368
91	377
91	391
91	394
91	400
91	403
91	453
91	463
91	468
92	43
92	45
92	97
92	262
92	306
92	360
92	395
92	397
92	430
92	488
93	1
93	56
93	84
93	144
93	178
93	189
93	193
93	237
93	247
93	268
93	305
93	453
93	480
93	500
94	2
94	18
94	27
94	102
94	112
94	139
94	140
94	156
94	167
94	194
94	216
94	219
94	222
94	268
94	294
94	326
94	333
94	392
94	423
94	473
95	19
95	90
95	115
95	119
95	177
95	205
95	225
95	322
95	325
95	367
95	386
95	475
96	11
96	66
96	85
96	137
96	163
96	200
96	233
96	304
96	397
96	453
96	463
97	43
97	92
97	181
97	262
97	342
97	395
97	397
97	430
97	488
98	50
98	121
98	124
98	154
98	157
98	239
98	243
98	259
98	270
98	273
98	292
98	297
98	348
98	351
98	384
98	410
98	435
98	446
98	452
98	457
98	489
99	29
99	124
99	132
99	211
99	269
99	270
99	277
99	330
99	391
99	400
99	403
99	414
100	124
100	185
100	207
100	242
100	249
100	279
100	299
100	401
100	418
100	450
101	14
101	134
101	184
101	212
101	274
101	291
101	331
101	337
101	450
102	18
102	94
102	112
102	140
102	167
102	216
102	326
102	346
102	442
103	219
103	221
103	230
103	298
103	351
103	355
103	356
103	362
103	392
103	413
104	13
104	71
104	147
104	162
104	185
104	191
104	240
104	249
104	258
104	262
104	282
104	323
104	390
104	472
104	494
105	77
105	110
105	126
105	150
105	205
105	217
105	273
105	303
105	327
105	344
105	425
105	439
105	455
106	2
106	78
106	127
106	177
106	208
106	209
106	218
106	272
106	275
106	280
106	295
106	404
106	410
106	429
106	458
106	469
106	498
107	3
107	6
107	11
107	16
107	33
107	35
107	109
107	236
107	368
107	454
107	492
108	80
108	145
108	175
108	206
108	281
108	357
108	376
108	412
108	445
108	467
108	496
109	6
109	11
109	34
109	35
109	36
109	52
109	56
109	107
109	112
109	114
109	236
109	327
109	339
109	368
109	382
109	410
109	454
109	471
109	477
109	492
110	70
110	105
110	158
110	214
110	221
110	228
110	230
110	298
110	355
110	356
110	362
110	392
110	413
110	420
110	461
110	480
111	4
111	12
111	63
111	190
111	196
111	264
111	277
111	304
111	336
111	361
111	398
112	18
112	27
112	94
112	102
112	109
112	140
112	156
112	160
112	167
112	194
112	216
112	219
112	222
112	260
112	294
112	324
112	326
112	333
112	423
113	10
113	39
113	75
113	153
113	176
113	241
113	303
113	353
113	427
114	10
114	86
114	109
114	205
114	427
114	436
114	464
114	486
114	494
115	59
115	73
115	95
115	161
115	177
115	201
115	225
115	325
115	437
115	475
116	22
116	23
116	131
116	143
116	158
116	159
116	238
116	243
116	251
117	48
117	142
117	171
117	246
117	309
117	364
117	374
117	379
117	407
117	424
117	480
118	164
118	188
118	271
118	285
118	315
118	335
118	361
118	422
118	499
119	90
119	95
119	177
119	183
119	210
119	225
119	325
119	367
119	386
119	437
119	443
120	7
120	77
120	126
120	150
120	172
120	205
120	303
120	344
120	425
120	455
120	467
121	34
121	98
121	154
121	243
121	259
121	273
121	284
121	297
121	299
121	351
121	446
121	489
122	72
122	128
122	130
122	141
122	144
122	181
122	263
122	387
122	408
122	451
122	500
123	58
123	80
123	185
123	290
123	317
123	339
123	412
123	429
123	495
124	33
124	98
124	99
124	100
124	207
124	231
124	242
124	249
124	258
124	279
124	299
124	302
124	342
124	401
124	431
124	450
125	60
125	79
125	199
125	257
125	265
125	427
125	434
125	449
125	463
125	481
126	55
126	77
126	105
126	120
126	138
126	150
126	205
126	217
126	261
126	303
126	327
126	354
126	368
126	425
126	439
126	455
126	491
127	2
127	78
127	106
127	131
127	208
127	275
127	280
127	295
127	351
127	359
127	404
127	429
127	458
127	469
128	1
128	72
128	122
128	130
128	141
128	181
128	220
128	263
128	308
128	365
128	387
128	451
129	38
129	61
129	62
129	68
129	74
129	88
129	158
129	166
129	172
129	203
129	250
129	409
129	417
129	423
129	486
129	497
130	122
130	128
130	141
130	181
130	256
130	263
130	308
130	387
130	423
130	451
131	5
131	7
131	17
131	22
131	23
131	116
131	127
131	151
131	158
131	159
131	176
131	191
131	202
131	232
131	238
131	251
131	287
131	427
131	478
132	30
132	47
132	51
132	62
132	76
132	81
132	99
132	142
132	146
132	210
132	227
132	296
132	307
132	313
132	321
132	322
132	324
132	357
132	358
132	448
132	489
133	60
133	67
133	143
133	199
133	225
133	252
133	265
133	434
133	459
133	462
134	19
134	41
134	59
134	90
134	101
134	177
134	225
134	325
134	437
134	475
135	28
135	35
135	148
135	152
135	161
135	170
135	182
135	215
135	278
135	340
135	388
135	443
135	448
135	479
135	487
136	4
136	56
136	169
136	174
136	211
136	248
136	256
136	312
136	358
136	360
136	370
136	375
136	385
136	399
136	440
136	462
136	482
136	484
136	493
137	66
137	85
137	96
137	163
137	167
137	168
137	233
137	304
137	366
137	438
137	463
138	55
138	76
138	84
138	126
138	168
138	315
138	408
138	465
138	490
139	69
139	94
139	149
139	283
139	314
139	334
139	366
139	402
139	428
139	447
139	456
140	42
140	94
140	102
140	112
140	156
140	167
140	216
140	219
140	326
141	72
141	122
141	128
141	130
141	142
141	263
141	302
141	308
141	387
141	451
142	76
142	117
142	132
142	141
142	146
142	147
142	210
142	265
142	296
142	313
142	322
142	324
142	357
142	358
142	448
142	483
143	36
143	40
143	44
143	60
143	79
143	116
143	133
143	199
143	218
143	252
143	257
143	265
143	289
143	332
143	337
144	1
144	16
144	93
144	122
144	189
144	193
144	220
144	253
144	268
144	305
144	311
144	338
144	396
144	453
144	486
144	500
145	10
145	32
145	40
145	108
145	175
145	288
145	290
145	310
145	317
145	339
145	345
145	350
145	412
145	445
145	470
146	30
146	76
146	81
146	132
146	142
146	210
146	225
146	227
146	296
146	307
146	313
146	321
146	322
146	324
146	357
146	358
146	407
146	450
146	491
147	13
147	71
147	104
147	142
147	185
147	240
147	258
147	275
147	282
147	323
147	342
147	373
147	390
147	472
147	497
148	28
148	64
148	135
148	152
148	161
148	182
148	278
148	340
148	443
148	461
148	487
149	69
149	139
149	283
149	314
149	316
149	321
149	362
149	366
149	402
149	447
149	456
150	77
150	105
150	120
150	126
150	199
150	217
150	314
150	319
150	327
150	425
150	439
150	455
150	491
151	7
151	17
151	22
151	131
151	158
151	159
151	171
151	198
151	202
151	232
151	251
151	266
151	319
151	393
151	417
152	54
152	60
152	135
152	148
152	161
152	170
152	176
152	182
152	204
152	278
152	340
152	443
152	479
152	487
153	4
153	64
153	68
153	113
153	195
153	267
153	276
153	284
153	350
153	353
153	436
153	464
153	488
153	494
154	98
154	121
154	157
154	187
154	206
154	213
154	216
154	239
154	243
154	259
154	261
154	273
154	292
154	297
154	313
154	351
154	372
154	446
154	452
154	489
155	21
155	165
155	226
155	229
155	234
155	244
155	254
155	319
155	419
155	442
155	445
155	474
156	18
156	27
156	32
156	79
156	94
156	112
156	140
156	160
156	167
156	194
156	216
156	219
156	222
156	294
156	326
156	333
156	423
156	430
156	455
156	473
157	60
157	98
157	154
157	206
157	220
157	239
157	254
157	259
157	261
157	273
157	297
157	351
157	435
157	446
157	452
157	489
158	7
158	17
158	22
158	23
158	41
158	110
158	116
158	129
158	131
158	151
158	159
158	198
158	202
158	232
158	238
158	287
158	378
158	433
158	441
158	478
159	7
159	17
159	23
159	116
159	131
159	151
159	158
159	198
159	223
159	232
159	251
159	301
159	396
159	433
159	441
160	112
160	156
160	216
160	222
160	294
160	326
160	333
160	466
160	485
161	115
161	135
161	148
161	152
161	204
161	340
161	440
161	443
161	479
161	487
162	13
162	104
162	185
162	191
162	218
162	230
162	240
162	252
162	258
162	282
162	373
162	390
162	472
162	497
163	66
163	85
163	96
163	137
163	200
163	233
163	304
163	352
163	438
163	447
163	449
163	463
164	20
164	49
164	79
164	118
164	188
164	271
164	285
164	325
164	335
164	483
164	499
165	21
165	155
165	186
165	187
165	206
165	226
165	229
165	244
165	254
165	270
165	289
165	319
165	442
166	8
166	61
166	68
166	129
166	172
166	203
166	215
166	275
166	365
166	417
166	444
166	486
167	18
167	27
167	94
167	102
167	112
167	137
167	140
167	156
167	175
167	191
167	194
167	216
167	219
167	294
167	326
167	333
167	423
167	473
168	31
168	55
168	59
168	83
168	137
168	138
168	235
168	315
168	381
168	408
168	465
168	490
169	136
169	197
169	225
169	301
169	384
169	385
169	432
169	460
169	482
169	485
169	493
170	23
170	28
170	135
170	152
170	199
170	204
170	340
170	443
170	479
170	487
171	37
171	46
171	48
171	117
171	151
171	246
171	364
171	374
171	379
171	407
171	415
171	424
171	480
172	38
172	61
172	68
172	120
172	129
172	166
172	213
172	318
172	417
172	418
173	178
173	189
173	253
173	268
173	301
173	305
173	311
173	402
173	411
173	500
174	8
174	68
174	136
174	177
174	197
174	242
174	248
174	334
174	346
174	360
174	385
174	394
174	399
174	416
174	432
174	440
174	462
174	484
174	485
174	493
175	108
175	145
175	167
175	290
175	402
175	405
175	467
175	474
175	495
176	75
176	82
176	86
176	113
176	131
176	152
176	195
176	267
176	276
176	284
176	329
176	343
176	350
176	353
176	364
176	427
176	494
177	54
177	59
177	72
177	90
177	95
177	106
177	115
177	119
177	134
177	174
177	201
177	225
177	325
177	437
178	9
178	93
178	173
178	189
178	224
178	233
178	253
178	268
178	290
178	305
178	311
178	383
178	396
178	411
178	453
179	2
179	78
179	193
179	205
179	275
179	280
179	404
179	429
179	469
180	23
180	29
180	37
180	72
180	91
180	277
180	330
180	338
180	391
180	394
180	400
181	72
181	97
181	122
181	128
181	130
181	289
181	308
181	387
181	451
182	28
182	48
182	135
182	148
182	152
182	278
182	340
182	388
182	443
182	487
182	495
182	497
183	19
183	69
183	90
183	119
183	225
183	325
183	367
183	436
183	437
183	475
184	14
184	15
184	19
184	101
184	212
184	226
184	245
184	274
184	291
184	331
184	337
185	13
185	71
185	100
185	104
185	123
185	147
185	162
185	191
185	240
185	258
185	282
185	323
185	365
185	373
185	378
185	390
185	472
185	497
186	21
186	51
186	165
186	226
186	236
186	244
186	275
186	319
186	363
186	384
187	9
187	21
187	51
187	154
187	165
187	226
187	244
187	254
187	363
187	442
188	20
188	49
188	118
188	164
188	255
188	271
188	285
188	335
188	356
188	422
188	483
188	499
189	93
189	144
189	173
189	178
189	193
189	220
189	233
189	237
189	253
189	268
189	281
189	305
189	311
189	383
189	396
189	453
189	487
189	500
190	4
190	12
190	63
190	111
190	196
190	264
190	318
190	336
190	361
190	394
190	398
191	13
191	27
191	104
191	131
191	162
191	167
191	185
191	240
191	258
191	323
191	331
191	373
191	390
191	472
191	497
192	38
192	47
192	61
192	74
192	224
192	318
192	365
192	379
192	409
192	417
193	16
193	18
193	93
193	144
193	179
193	189
193	240
193	268
193	311
193	396
193	453
194	94
194	112
194	156
194	167
194	216
194	294
194	333
194	393
194	495
195	1
195	10
195	37
195	39
195	64
195	86
195	153
195	176
195	200
195	241
195	343
195	348
195	350
195	353
195	427
195	436
195	464
195	494
196	4
196	50
196	63
196	111
196	190
196	264
196	336
196	361
196	395
196	398
197	169
197	174
197	204
197	286
197	334
197	346
197	360
197	370
197	419
197	432
197	460
197	482
197	485
198	7
198	17
198	23
198	76
198	151
198	158
198	159
198	202
198	232
198	433
198	467
198	478
199	44
199	60
199	67
199	79
199	125
199	133
199	143
199	150
199	170
199	218
199	252
199	257
199	265
199	289
199	332
199	419
199	434
199	464
199	481
199	496
200	58
200	66
200	96
200	163
200	195
200	233
200	304
200	352
200	463
201	59
201	90
201	115
201	177
201	225
201	260
201	325
201	367
201	475
201	490
202	5
202	17
202	22
202	23
202	131
202	151
202	158
202	198
202	232
202	238
202	248
202	251
202	266
202	311
202	393
202	433
202	441
202	445
202	468
202	470
202	478
203	38
203	61
203	62
203	68
203	129
203	166
203	215
203	250
203	255
203	365
203	374
203	400
203	409
203	417
203	418
203	435
203	444
204	86
204	152
204	161
204	170
204	197
204	278
204	340
204	443
204	487
205	77
205	95
205	105
205	114
205	120
205	126
205	179
205	327
205	439
205	455
205	491
206	108
206	154
206	157
206	165
206	243
206	261
206	273
206	297
206	446
206	457
206	489
207	14
207	33
207	100
207	124
207	231
207	242
207	249
207	257
207	279
207	299
207	302
207	318
207	401
207	431
207	450
208	2
208	11
208	24
208	78
208	106
208	127
208	209
208	273
208	275
208	280
208	295
208	404
209	2
209	78
209	106
209	208
209	272
209	275
209	280
209	288
209	295
209	357
209	421
209	458
209	469
210	30
210	60
210	76
210	81
210	119
210	132
210	142
210	146
210	227
210	296
210	307
210	313
210	321
210	322
210	324
210	357
210	358
210	403
210	448
211	26
211	29
211	37
211	42
211	99
211	136
211	223
211	270
211	277
211	326
211	330
211	338
211	377
211	403
211	414
212	14
212	15
212	71
212	101
212	184
212	245
212	274
212	331
212	471
213	26
213	41
213	57
213	87
213	154
213	172
213	301
213	309
213	320
213	359
213	380
213	389
213	391
213	406
213	476
214	65
214	70
214	110
214	221
214	228
214	230
214	298
214	356
214	362
214	392
214	461
214	464
214	465
215	38
215	61
215	62
215	135
215	166
215	203
215	293
215	318
215	385
215	390
215	409
215	417
215	418
215	486
216	18
216	27
216	94
216	102
216	112
216	140
216	154
216	156
216	160
216	167
216	194
216	219
216	222
216	294
216	306
216	326
216	328
216	333
216	390
216	423
216	473
217	71
217	77
217	105
217	126
217	150
217	259
217	327
217	344
217	425
217	455
218	60
218	79
218	106
218	143
218	162
218	199
218	252
218	257
218	481
219	94
219	103
219	112
219	140
219	156
219	167
219	216
219	245
219	294
219	315
219	326
219	333
220	16
220	128
220	144
220	157
220	189
220	253
220	305
220	383
220	500
221	2
221	44
221	65
221	70
221	103
221	110
221	214
221	228
221	230
221	298
221	355
221	356
221	362
221	392
221	413
221	420
221	461
221	492
222	50
222	94
222	112
222	156
222	160
222	216
222	326
222	333
222	387
223	37
223	45
223	91
223	159
223	211
223	260
223	261
223	277
223	286
223	353
223	391
223	394
223	400
224	61
224	62
224	68
224	178
224	192
224	318
224	332
224	365
224	409
225	19
225	54
225	59
225	90
225	95
225	115
225	119
225	133
225	134
225	146
225	169
225	177
225	183
225	201
225	325
225	367
225	386
225	432
225	475
226	21
226	51
226	90
226	155
226	165
226	184
226	186
226	187
226	229
226	254
226	319
227	30
227	38
227	47
227	76
227	132
227	146
227	210
227	275
227	307
227	322
227	324
227	357
227	448
227	471
228	65
228	70
228	110
228	214
228	221
228	298
228	355
228	356
228	362
228	392
228	424
228	469
229	51
229	58
229	155
229	165
229	226
229	234
229	244
229	254
229	319
229	442
229	481
230	103
230	110
230	162
230	214
230	221
230	298
230	362
230	392
230	420
230	474
231	33
231	124
231	207
231	242
231	249
231	288
231	299
231	431
231	450
232	5
232	7
232	17
232	22
232	23
232	131
232	151
232	158
232	159
232	198
232	202
232	238
232	251
232	259
232	277
232	287
232	393
232	433
232	437
232	441
232	478
232	484
233	66
233	85
233	96
233	137
233	163
233	178
233	189
233	200
233	304
233	352
233	376
233	438
233	463
234	21
234	49
234	51
234	155
234	229
234	244
234	254
234	363
234	442
235	48
235	55
235	84
235	89
235	168
235	315
235	408
235	465
235	466
236	3
236	6
236	11
236	25
236	34
236	35
236	36
236	52
236	56
236	107
236	109
236	186
236	368
236	382
236	388
236	391
236	410
236	454
236	471
236	477
236	479
236	492
237	9
237	93
237	189
237	247
237	253
237	268
237	330
237	406
237	500
238	7
238	22
238	116
238	131
238	158
238	202
238	232
238	264
238	266
239	98
239	154
239	157
239	259
239	261
239	263
239	273
239	292
239	297
239	332
239	351
239	372
239	446
239	457
239	489
239	494
240	17
240	104
240	147
240	162
240	185
240	191
240	193
240	258
240	282
240	323
240	358
240	373
240	472
240	497
241	10
241	39
241	64
241	113
241	195
241	267
241	312
241	343
241	353
241	398
241	417
241	436
241	464
241	494
242	33
242	100
242	124
242	174
242	207
242	231
242	249
242	279
242	299
242	302
242	331
242	401
242	431
242	450
243	39
243	73
243	98
243	116
243	121
243	154
243	206
243	259
243	261
243	273
243	292
243	297
243	339
243	348
243	351
243	369
243	372
243	435
243	452
243	457
243	477
244	3
244	21
244	43
244	155
244	165
244	186
244	187
244	229
244	234
244	254
244	259
244	363
244	442
245	14
245	15
245	184
245	212
245	219
245	291
245	331
245	337
245	482
246	46
246	48
246	117
246	171
246	266
246	354
246	364
246	370
246	374
246	378
246	379
246	407
246	415
246	424
247	1
247	9
247	93
247	237
247	268
247	282
247	311
247	380
247	396
247	500
248	8
248	32
248	59
248	136
248	174
248	202
248	256
248	334
248	384
248	385
248	399
248	440
248	482
249	33
249	100
249	104
249	124
249	207
249	231
249	242
249	279
249	299
249	302
249	409
249	431
249	450
250	38
250	129
250	203
250	255
250	293
250	318
250	337
250	365
250	417
250	418
250	441
250	444
250	455
251	7
251	17
251	22
251	23
251	42
251	116
251	131
251	151
251	159
251	202
251	232
251	266
251	273
251	310
251	433
251	478
252	67
252	79
252	133
252	143
252	162
252	199
252	218
252	257
252	265
252	279
252	289
252	332
252	338
252	419
252	481
253	1
253	16
253	144
253	173
253	178
253	189
253	220
253	237
253	268
253	305
253	369
253	376
253	413
253	453
253	500
254	21
254	51
254	155
254	157
254	165
254	187
254	226
254	229
254	234
254	244
254	319
254	363
254	484
255	68
255	188
255	203
255	250
255	290
255	318
255	365
255	409
255	417
256	130
256	136
256	248
256	360
256	384
256	399
256	432
256	460
256	462
256	485
257	40
257	44
257	60
257	67
257	78
257	79
257	125
257	143
257	199
257	207
257	218
257	252
257	265
257	280
257	289
257	332
257	387
257	419
257	434
257	439
257	449
257	481
258	13
258	71
258	104
258	124
258	147
258	162
258	185
258	191
258	240
258	282
258	323
258	390
258	434
258	488
258	497
259	50
259	73
259	98
259	121
259	154
259	157
259	217
259	232
259	239
259	243
259	244
259	273
259	292
259	295
259	297
259	348
259	351
259	435
259	446
259	452
259	457
259	489
260	29
260	37
260	42
260	45
260	112
260	201
260	223
260	269
260	286
260	330
260	338
260	400
260	468
261	126
261	154
261	157
261	206
261	223
261	239
261	243
261	292
261	297
261	351
262	92
262	97
262	104
262	302
262	306
262	342
262	395
262	397
262	430
262	488
263	72
263	122
263	128
263	130
263	141
263	239
263	308
263	330
263	387
263	451
264	4
264	12
264	57
264	63
264	111
264	190
264	196
264	238
264	336
264	361
264	398
265	23
265	40
265	60
265	67
265	79
265	125
265	133
265	142
265	143
265	199
265	252
265	257
265	289
265	332
265	344
265	434
265	437
265	449
265	459
265	481
265	493
266	7
266	17
266	151
266	202
266	238
266	246
266	251
266	282
266	478
267	10
267	39
267	64
267	82
267	86
267	153
267	176
267	241
267	276
267	298
267	329
267	341
267	343
267	345
267	350
267	371
267	427
267	433
267	464
267	485
267	494
268	1
268	37
268	73
268	93
268	94
268	144
268	173
268	178
268	189
268	193
268	237
268	247
268	253
268	305
268	311
268	396
268	500
269	17
269	29
269	31
269	37
269	45
269	99
269	260
269	369
269	391
269	394
269	400
269	446
269	468
270	45
270	91
270	98
270	99
270	165
270	211
270	286
270	338
270	369
270	391
270	394
270	402
270	468
271	20
271	49
271	118
271	164
271	188
271	285
271	357
271	382
271	499
272	2
272	78
272	106
272	209
272	275
272	404
272	463
272	469
272	477
273	73
273	76
273	98
273	105
273	121
273	154
273	157
273	206
273	208
273	239
273	243
273	251
273	259
273	292
273	297
273	351
273	446
273	452
273	457
273	489
274	14
274	15
274	22
274	101
274	184
274	212
274	291
274	326
274	337
275	2
275	24
275	78
275	106
275	127
275	147
275	166
275	179
275	186
275	208
275	209
275	227
275	272
275	280
275	295
275	404
275	421
275	429
275	458
275	469
275	498
276	64
276	86
276	153
276	176
276	267
276	284
276	293
276	329
276	341
276	350
276	353
276	373
276	427
276	464
276	493
276	494
277	29
277	37
277	91
277	99
277	111
277	180
277	211
277	223
277	232
277	286
277	292
277	330
277	338
277	369
277	379
277	400
277	414
277	468
278	135
278	148
278	152
278	182
278	204
278	294
278	388
278	393
278	443
278	487
279	100
279	124
279	207
279	242
279	249
279	252
279	299
279	302
279	450
280	2
280	24
280	78
280	106
280	127
280	179
280	208
280	209
280	257
280	275
280	332
280	392
280	404
280	458
280	469
280	498
281	58
281	80
281	108
281	189
281	288
281	290
281	339
281	426
281	445
281	467
282	13
282	71
282	104
282	147
282	162
282	185
282	240
282	247
282	258
282	266
282	323
282	373
282	390
282	472
282	483
283	55
283	139
283	149
283	314
283	366
283	402
283	428
283	447
283	451
283	456
284	10
284	39
284	121
284	153
284	176
284	276
284	329
284	427
284	436
284	447
285	20
285	26
285	49
285	81
285	118
285	164
285	188
285	271
285	335
285	422
285	483
285	499
286	29
286	37
286	197
286	223
286	260
286	270
286	277
286	310
286	330
286	338
286	369
286	400
286	403
286	414
286	475
287	7
287	17
287	131
287	158
287	232
287	408
287	433
287	468
287	478
288	145
288	209
288	231
288	281
288	290
288	310
288	317
288	339
288	345
288	376
288	381
288	412
288	426
288	436
288	445
288	467
288	470
288	474
288	496
289	60
289	67
289	79
289	143
289	165
289	181
289	199
289	252
289	257
289	265
289	419
289	437
289	449
289	459
289	481
290	32
290	58
290	71
290	80
290	123
290	145
290	175
290	178
290	255
290	281
290	288
290	310
290	317
290	339
290	376
290	412
290	467
290	473
290	474
290	496
291	14
291	15
291	101
291	184
291	245
291	274
291	331
291	356
291	404
292	50
292	73
292	98
292	154
292	239
292	243
292	259
292	261
292	273
292	277
292	297
292	302
292	351
292	372
292	400
292	413
292	435
292	446
292	452
292	489
293	38
293	61
293	88
293	215
293	250
293	276
293	365
293	388
293	444
294	27
294	94
294	112
294	156
294	160
294	167
294	194
294	216
294	219
294	278
294	297
294	326
294	333
294	473
295	2
295	38
295	78
295	106
295	127
295	208
295	209
295	259
295	275
295	404
295	417
295	421
295	429
295	449
295	458
295	469
295	498
296	16
296	30
296	63
296	76
296	81
296	132
296	142
296	146
296	210
296	321
296	322
296	357
296	358
296	383
296	448
297	1
297	50
297	73
297	98
297	121
297	154
297	157
297	206
297	239
297	243
297	259
297	261
297	273
297	292
297	294
297	348
297	351
297	372
297	374
297	448
297	452
297	489
298	65
298	70
298	103
298	110
298	214
298	221
298	228
298	230
298	267
298	355
298	356
298	362
298	392
298	413
298	420
298	455
298	461
298	464
299	15
299	21
299	33
299	100
299	121
299	124
299	207
299	231
299	242
299	249
299	279
299	302
299	401
299	450
300	31
300	53
300	84
300	89
300	315
300	408
300	439
300	465
300	466
300	482
301	26
301	41
301	57
301	87
301	159
301	169
301	173
301	213
301	309
301	320
301	328
301	349
301	359
301	389
301	476
301	494
302	33
302	124
302	141
302	207
302	242
302	249
302	262
302	279
302	292
302	299
302	401
302	450
303	22
303	105
303	113
303	120
303	126
303	327
303	344
303	351
303	425
303	455
303	491
304	66
304	96
304	111
304	137
304	163
304	200
304	233
304	352
304	438
305	1
305	9
305	16
305	93
305	144
305	173
305	178
305	189
305	220
305	253
305	268
305	311
305	339
305	340
305	374
305	383
305	396
305	411
305	452
305	453
305	500
306	43
306	92
306	216
306	262
306	342
306	389
306	395
306	430
306	488
307	22
307	30
307	38
307	132
307	146
307	210
307	227
307	357
307	358
308	35
308	72
308	128
308	130
308	141
308	181
308	263
308	352
308	387
308	451
309	26
309	41
309	57
309	87
309	117
309	213
309	301
309	320
309	349
309	359
309	364
309	389
309	406
309	414
309	476
310	89
310	145
310	251
310	286
310	288
310	290
310	317
310	412
310	426
310	445
310	467
310	470
310	474
310	495
311	16
311	64
311	80
311	144
311	173
311	178
311	189
311	193
311	202
311	247
311	268
311	305
311	396
311	453
311	500
312	136
312	241
312	323
312	346
312	416
312	440
312	462
312	485
312	499
313	61
313	76
313	132
313	142
313	146
313	154
313	210
313	357
313	358
314	69
314	139
314	149
314	150
314	283
314	347
314	399
314	402
314	447
314	456
315	31
315	55
315	83
315	89
315	118
315	138
315	168
315	219
315	235
315	300
315	377
315	381
315	408
315	466
315	490
316	69
316	78
316	149
316	347
316	353
316	402
316	428
316	447
316	456
317	32
317	80
317	123
317	145
317	288
317	290
317	310
317	339
317	345
317	349
317	412
317	489
317	496
318	38
318	62
318	68
318	74
318	172
318	190
318	192
318	207
318	215
318	224
318	250
318	255
318	379
318	409
318	417
318	444
318	486
319	21
319	150
319	151
319	155
319	165
319	186
319	226
319	229
319	254
319	363
319	442
320	26
320	41
320	57
320	60
320	213
320	301
320	309
320	349
320	351
320	359
320	389
320	406
321	76
321	81
321	132
321	146
321	149
321	210
321	296
321	324
321	357
321	492
322	22
322	30
322	76
322	84
322	95
322	132
322	142
322	146
322	210
322	227
322	296
322	324
322	357
322	358
322	448
323	3
323	71
323	104
323	147
323	185
323	191
323	240
323	258
323	282
323	312
323	373
323	390
323	497
324	30
324	47
324	76
324	81
324	112
324	132
324	142
324	146
324	210
324	227
324	321
324	322
324	340
324	357
324	358
324	403
324	448
325	6
325	54
325	59
325	90
325	95
325	115
325	119
325	134
325	164
325	177
325	183
325	201
325	225
325	386
325	437
325	475
325	486
326	3
326	18
326	27
326	94
326	102
326	112
326	140
326	156
326	160
326	167
326	211
326	216
326	219
326	222
326	274
326	294
326	333
326	346
326	423
326	473
327	77
327	87
327	105
327	109
327	126
327	150
327	205
327	217
327	303
327	344
327	354
327	364
327	390
327	425
327	439
327	455
327	491
328	26
328	41
328	57
328	87
328	216
328	301
328	349
328	377
328	380
328	389
328	406
329	40
329	86
329	176
329	267
329	276
329	284
329	343
329	350
329	353
329	371
329	419
329	427
329	464
329	494
330	29
330	37
330	45
330	91
330	99
330	180
330	211
330	237
330	260
330	263
330	277
330	286
330	338
330	363
330	369
330	394
330	400
330	403
330	461
330	468
331	14
331	15
331	101
331	184
331	191
331	212
331	242
331	245
331	291
331	337
331	347
332	44
332	60
332	67
332	79
332	143
332	199
332	224
332	239
332	252
332	257
332	265
332	280
332	434
332	449
332	459
332	481
333	18
333	27
333	37
333	45
333	94
333	112
333	156
333	160
333	167
333	194
333	216
333	219
333	222
333	294
333	326
333	360
333	423
333	473
334	8
334	139
334	174
334	197
334	248
334	370
334	416
334	462
334	492
335	49
335	118
335	164
335	188
335	285
335	409
335	422
335	462
335	483
335	499
336	4
336	12
336	34
336	63
336	111
336	190
336	196
336	264
336	361
336	381
337	14
337	15
337	101
337	143
337	184
337	245
337	250
337	274
337	331
338	21
338	29
338	37
338	42
338	45
338	144
338	180
338	211
338	252
338	260
338	270
338	277
338	286
338	330
338	377
338	385
338	391
338	394
338	400
339	109
339	123
339	145
339	243
339	281
339	288
339	290
339	305
339	317
339	345
339	405
339	412
339	426
339	467
339	469
339	470
339	474
340	135
340	148
340	152
340	161
340	170
340	182
340	204
340	305
340	324
340	348
340	376
340	388
340	443
340	479
340	487
341	39
341	64
341	67
341	75
341	86
341	267
341	276
341	343
341	414
341	427
341	436
341	464
342	43
342	97
342	124
342	147
342	262
342	306
342	397
342	430
342	488
343	28
343	35
343	39
343	64
343	176
343	195
343	241
343	267
343	329
343	341
343	350
343	371
343	380
343	427
343	464
343	494
344	77
344	105
344	120
344	217
344	265
344	303
344	327
344	425
344	455
344	479
345	58
345	80
345	145
345	267
345	288
345	317
345	339
345	364
345	412
345	445
345	470
345	474
345	482
345	495
346	54
346	102
346	174
346	197
346	312
346	326
346	370
346	375
346	384
346	399
346	460
346	462
346	482
346	484
347	39
347	69
347	314
347	316
347	331
347	366
347	402
347	428
347	447
348	98
348	195
348	243
348	259
348	297
348	340
348	351
348	372
348	489
349	26
349	57
349	301
349	309
349	317
349	320
349	328
349	389
349	492
350	10
350	44
350	64
350	86
350	145
350	153
350	176
350	195
350	267
350	276
350	329
350	343
350	353
350	371
350	436
350	464
350	475
350	494
351	50
351	73
351	89
351	98
351	103
351	121
351	127
351	154
351	157
351	239
351	243
351	259
351	261
351	273
351	292
351	297
351	303
351	320
351	348
351	452
351	457
351	489
352	66
352	85
352	163
352	200
352	233
352	304
352	308
352	438
352	463
352	467
353	10
353	13
353	39
353	82
353	86
353	113
353	153
353	176
353	195
353	223
353	241
353	276
353	316
353	329
353	350
353	464
353	494
354	59
354	77
354	126
354	246
354	327
354	425
354	439
354	455
354	491
355	27
355	65
355	103
355	110
355	221
355	228
355	298
355	392
355	413
355	444
355	461
356	103
356	110
356	188
356	214
356	221
356	228
356	291
356	298
356	362
356	413
356	478
357	27
357	30
357	76
357	81
357	108
357	132
357	142
357	146
357	209
357	210
357	227
357	271
357	296
357	307
357	313
357	321
357	322
357	324
357	358
357	448
358	30
358	35
358	47
358	52
358	76
358	132
358	136
358	142
358	146
358	210
358	240
358	296
358	307
358	313
358	322
358	324
358	357
358	448
359	127
359	213
359	301
359	309
359	320
359	380
359	389
359	406
359	411
359	476
360	8
360	56
360	92
360	136
360	174
360	197
360	256
360	333
360	375
360	385
360	432
360	484
360	485
361	4
361	12
361	111
361	118
361	190
361	196
361	264
361	336
361	398
362	70
362	103
362	110
362	149
362	214
362	221
362	228
362	230
362	298
362	356
362	392
362	413
362	420
362	433
362	461
362	465
363	21
363	51
363	186
363	187
363	234
363	244
363	254
363	319
363	330
363	365
363	400
363	442
364	46
364	48
364	117
364	171
364	176
364	246
364	309
364	327
364	345
364	374
364	378
364	379
364	407
364	415
364	424
364	480
365	38
365	61
365	62
365	68
365	88
365	128
365	166
365	185
365	192
365	203
365	224
365	250
365	255
365	293
365	363
365	409
365	417
365	418
365	425
365	444
365	486
366	30
366	137
366	139
366	149
366	283
366	347
366	402
366	428
366	447
367	59
367	90
367	95
367	119
367	183
367	201
367	225
367	386
367	437
367	459
367	475
368	6
368	11
368	25
368	34
368	35
368	36
368	91
368	107
368	109
368	126
368	236
368	382
368	410
368	438
368	454
368	471
368	477
368	492
369	29
369	37
369	42
369	243
369	253
369	269
369	270
369	277
369	286
369	330
369	377
369	391
369	400
369	443
370	14
370	136
370	197
370	246
370	334
370	346
370	375
370	384
370	385
370	391
370	399
370	412
370	440
370	462
370	482
370	485
370	493
371	10
371	75
371	82
371	267
371	329
371	343
371	350
371	375
371	427
371	464
371	498
372	33
372	154
372	239
372	243
372	292
372	297
372	348
372	446
372	489
373	5
373	71
373	147
373	162
373	185
373	191
373	240
373	276
373	282
373	323
373	390
373	415
373	472
373	497
374	46
374	48
374	117
374	171
374	203
374	246
374	297
374	305
374	364
374	379
374	407
374	424
375	8
375	70
375	136
375	346
375	360
375	370
375	371
375	384
375	399
375	482
375	485
376	80
376	108
376	233
376	253
376	288
376	290
376	340
376	405
376	426
376	445
376	467
376	474
377	45
377	91
377	211
377	315
377	328
377	338
377	369
377	391
377	394
377	403
377	468
378	48
378	158
378	185
378	246
378	364
378	379
378	407
378	415
378	424
378	480
379	46
379	48
379	117
379	171
379	192
379	246
379	277
379	318
379	364
379	374
379	378
379	407
379	415
379	424
379	480
380	57
380	87
380	213
380	247
380	328
380	343
380	359
380	389
380	476
381	53
381	55
381	83
381	84
381	89
381	168
381	288
381	315
381	336
381	408
381	422
381	466
381	490
382	3
382	11
382	25
382	34
382	35
382	56
382	109
382	236
382	271
382	368
382	410
382	454
382	455
382	458
382	471
382	492
383	9
383	178
383	189
383	220
383	296
383	305
383	396
383	453
383	472
383	500
384	98
384	169
384	186
384	248
384	256
384	346
384	370
384	375
384	399
384	405
384	416
384	440
384	460
384	462
384	482
384	485
385	136
385	169
385	174
385	215
385	248
385	338
385	360
385	370
385	432
385	482
385	485
385	493
386	68
386	90
386	95
386	119
386	225
386	325
386	367
386	404
386	437
387	72
387	122
387	128
387	130
387	141
387	181
387	222
387	257
387	263
387	308
387	434
387	451
388	28
388	135
388	182
388	236
388	278
388	293
388	340
388	443
388	479
389	10
389	26
389	29
389	41
389	57
389	87
389	213
389	301
389	306
389	309
389	320
389	328
389	349
389	359
389	380
389	406
389	476
390	71
390	104
390	147
390	162
390	185
390	191
390	215
390	216
390	258
390	282
390	323
390	327
390	373
390	472
390	497
391	29
391	42
391	45
391	58
391	91
391	99
391	180
391	213
391	223
391	236
391	269
391	270
391	338
391	369
391	370
391	377
391	394
391	400
391	403
392	94
392	103
392	110
392	214
392	221
392	228
392	230
392	280
392	298
392	355
392	362
392	413
392	420
392	427
392	461
393	5
393	22
393	23
393	151
393	194
393	202
393	232
393	278
393	433
394	37
394	45
394	46
394	91
394	174
394	180
394	190
394	223
394	269
394	270
394	330
394	338
394	377
394	391
394	400
394	414
395	92
395	97
395	196
395	262
395	306
395	397
395	430
395	453
395	488
396	16
396	75
396	79
396	144
396	159
396	178
396	189
396	193
396	247
396	268
396	305
396	311
396	383
396	411
396	500
397	41
397	43
397	92
397	96
397	97
397	262
397	342
397	395
397	430
398	4
398	12
398	63
398	111
398	190
398	196
398	241
398	264
398	361
399	17
399	57
399	136
399	174
399	248
399	256
399	314
399	346
399	370
399	375
399	384
399	416
399	432
399	440
399	459
399	460
399	462
399	482
399	485
399	493
400	37
400	42
400	91
400	99
400	180
400	203
400	223
400	260
400	269
400	277
400	286
400	292
400	330
400	338
400	363
400	369
400	391
400	394
400	414
400	424
400	426
400	468
401	33
401	57
401	61
401	100
401	124
401	207
401	242
401	299
401	302
402	139
402	149
402	173
402	175
402	270
402	283
402	314
402	316
402	347
402	366
402	447
402	456
403	29
403	37
403	42
403	91
403	99
403	210
403	211
403	286
403	324
403	330
403	377
403	391
403	420
404	2
404	24
404	25
404	29
404	78
404	106
404	127
404	179
404	208
404	272
404	275
404	280
404	291
404	295
404	386
404	421
404	429
404	458
404	469
404	498
405	32
405	78
405	175
405	339
405	376
405	384
405	426
405	467
405	470
405	474
405	496
406	49
406	87
406	213
406	237
406	309
406	320
406	328
406	359
406	389
407	7
407	46
407	48
407	117
407	146
407	171
407	246
407	364
407	374
407	378
407	379
407	415
407	422
407	424
407	480
408	31
408	53
408	55
408	83
408	84
408	122
408	138
408	168
408	235
408	287
408	300
408	315
408	381
408	454
408	465
408	490
409	2
409	38
409	61
409	68
409	74
409	129
409	192
409	203
409	215
409	224
409	249
409	255
409	318
409	335
409	365
409	417
409	418
409	486
409	487
410	3
410	11
410	25
410	34
410	35
410	36
410	52
410	56
410	98
410	106
410	109
410	236
410	368
410	382
410	450
410	454
410	456
410	471
410	477
410	492
411	16
411	66
411	173
411	178
411	305
411	359
411	396
411	453
411	500
412	32
412	58
412	62
412	108
412	123
412	145
412	288
412	290
412	310
412	317
412	339
412	345
412	370
412	442
412	467
412	496
413	103
413	110
413	221
413	253
413	292
413	298
413	355
413	356
413	362
413	392
414	29
414	99
414	211
414	277
414	286
414	309
414	341
414	394
414	400
415	48
415	171
415	246
415	364
415	373
415	378
415	379
415	407
415	424
415	426
415	480
416	52
416	76
416	174
416	312
416	334
416	384
416	399
416	432
416	440
416	482
416	484
417	38
417	68
417	74
417	88
417	129
417	151
417	166
417	172
417	192
417	203
417	215
417	241
417	250
417	255
417	295
417	318
417	365
417	409
417	418
417	432
417	444
417	486
418	6
418	8
418	38
418	68
418	100
418	172
418	203
418	215
418	250
418	365
418	409
418	417
418	486
419	155
419	197
419	199
419	252
419	257
419	289
419	329
419	434
419	449
419	459
419	481
420	15
420	65
420	110
420	221
420	230
420	298
420	362
420	392
420	403
421	2
421	60
421	78
421	209
421	275
421	295
421	404
421	458
421	469
421	478
422	20
422	49
422	118
422	188
422	285
422	335
422	381
422	407
422	483
423	18
423	94
423	112
423	129
423	130
423	156
423	167
423	216
423	326
423	333
423	473
424	46
424	48
424	85
424	117
424	171
424	228
424	246
424	364
424	374
424	378
424	379
424	400
424	407
424	415
424	480
425	105
425	120
425	126
425	150
425	217
425	303
425	327
425	344
425	354
425	365
425	439
425	455
425	491
426	32
426	58
426	80
426	281
426	288
426	310
426	339
426	376
426	400
426	405
426	415
426	460
426	467
426	474
426	496
427	10
427	39
427	75
427	82
427	86
427	113
427	114
427	125
427	131
427	176
427	195
427	267
427	276
427	284
427	329
427	341
427	343
427	371
427	392
427	457
427	464
428	69
428	139
428	283
428	316
428	347
428	366
428	447
428	456
428	470
428	475
429	2
429	78
429	106
429	123
429	127
429	179
429	275
429	295
429	404
429	458
429	469
429	498
430	43
430	92
430	97
430	156
430	262
430	306
430	342
430	395
430	397
430	488
430	500
431	33
431	61
431	124
431	207
431	231
431	242
431	249
431	450
431	484
432	7
432	169
432	174
432	197
432	225
432	256
432	360
432	385
432	399
432	416
432	417
432	482
432	484
432	485
432	493
433	7
433	17
433	22
433	23
433	158
433	159
433	198
433	202
433	232
433	251
433	267
433	287
433	362
433	393
433	444
433	478
433	488
434	60
434	67
434	125
434	133
434	199
434	257
434	258
434	265
434	332
434	387
434	419
434	449
434	456
435	9
435	50
435	98
435	157
435	203
435	243
435	259
435	292
435	446
435	489
436	39
436	86
436	114
436	153
436	183
436	195
436	241
436	284
436	288
436	341
436	350
437	20
437	54
437	59
437	90
437	115
437	119
437	134
437	177
437	183
437	232
437	265
437	289
437	325
437	367
437	386
437	475
438	66
438	85
438	137
438	163
438	233
438	304
438	352
438	368
438	463
438	498
439	77
439	105
439	126
439	150
439	205
439	257
439	300
439	327
439	354
439	425
439	455
440	136
440	161
440	174
440	248
440	312
440	370
440	384
440	399
440	416
440	460
440	462
440	478
440	484
440	485
440	493
440	500
441	7
441	17
441	23
441	74
441	158
441	159
441	202
441	232
441	250
442	21
442	102
442	155
442	165
442	187
442	229
442	234
442	244
442	319
442	363
442	412
443	28
443	75
443	119
443	135
443	148
443	152
443	161
443	170
443	182
443	204
443	278
443	340
443	369
443	388
443	479
443	487
444	38
444	90
444	166
444	203
444	250
444	293
444	318
444	355
444	365
444	417
444	433
444	486
445	80
445	108
445	145
445	155
445	202
445	281
445	288
445	310
445	345
445	376
445	495
446	50
446	68
446	98
446	121
446	154
446	157
446	206
446	239
446	259
446	269
446	273
446	292
446	372
446	435
446	452
446	482
447	69
447	139
447	149
447	163
447	283
447	284
447	314
447	316
447	347
447	366
447	402
447	428
447	456
447	485
448	5
448	47
448	76
448	81
448	132
448	135
448	142
448	210
448	227
448	296
448	297
448	322
448	324
448	357
448	358
449	40
449	60
449	79
449	125
449	163
449	257
449	265
449	289
449	295
449	332
449	419
449	434
449	459
449	481
450	33
450	100
450	101
450	124
450	146
450	207
450	231
450	242
450	249
450	279
450	299
450	302
450	410
450	431
451	72
451	122
451	128
451	130
451	141
451	181
451	263
451	283
451	308
451	387
451	485
452	33
452	86
452	98
452	154
452	157
452	243
452	259
452	273
452	292
452	297
452	305
452	351
452	446
452	489
453	91
453	93
453	96
453	144
453	178
453	189
453	193
453	253
453	305
453	311
453	383
453	395
453	411
453	500
454	2
454	3
454	6
454	11
454	25
454	34
454	35
454	36
454	52
454	56
454	107
454	109
454	236
454	368
454	382
454	408
454	410
454	471
454	477
454	487
454	492
455	77
455	105
455	120
455	126
455	150
455	156
455	205
455	217
455	250
455	298
455	303
455	327
455	344
455	354
455	382
455	425
455	439
455	491
456	69
456	139
456	149
456	283
456	314
456	316
456	402
456	410
456	428
456	434
456	447
456	466
457	17
457	98
457	206
457	239
457	243
457	259
457	273
457	351
457	427
457	489
458	2
458	30
458	78
458	88
458	106
458	127
458	209
458	275
458	280
458	295
458	382
458	404
458	421
458	429
458	469
459	44
459	60
459	133
459	265
459	289
459	332
459	367
459	399
459	419
459	449
459	481
460	8
460	169
460	197
460	256
460	346
460	384
460	399
460	426
460	440
460	490
460	493
461	65
461	110
461	148
461	214
461	221
461	298
461	330
461	355
461	362
461	392
462	8
462	87
462	133
462	136
462	174
462	256
462	312
462	334
462	335
462	346
462	370
462	384
462	399
462	440
462	482
462	484
462	485
463	66
463	85
463	91
463	96
463	125
463	137
463	163
463	200
463	233
463	272
463	352
463	438
464	10
464	64
464	86
464	114
464	153
464	195
464	199
464	214
464	241
464	267
464	276
464	298
464	329
464	341
464	343
464	350
464	353
464	371
464	427
464	490
465	31
465	89
465	138
465	168
465	214
465	235
465	300
465	362
465	408
465	490
466	31
466	53
466	55
466	83
466	84
466	160
466	235
466	300
466	315
466	381
466	456
466	490
467	34
467	58
467	80
467	108
467	120
467	175
467	198
467	281
467	288
467	290
467	310
467	339
467	352
467	376
467	405
467	412
467	426
467	470
467	474
467	491
467	495
467	496
468	37
468	45
468	91
468	202
468	260
468	269
468	270
468	277
468	287
468	330
468	377
468	400
469	2
469	24
469	78
469	86
469	106
469	127
469	179
469	209
469	228
469	272
469	275
469	280
469	295
469	339
469	404
469	421
469	429
469	458
469	498
469	500
470	80
470	145
470	202
470	288
470	310
470	339
470	345
470	405
470	428
470	467
470	496
471	3
471	6
471	11
471	20
471	25
471	34
471	35
471	52
471	56
471	109
471	212
471	227
471	236
471	368
471	382
471	410
471	454
471	492
472	69
472	71
472	104
472	147
472	162
472	185
472	191
472	240
472	282
472	373
472	383
472	390
472	497
473	7
473	94
473	156
473	167
473	216
473	290
473	294
473	326
473	333
473	423
474	32
474	82
474	155
474	175
474	230
474	288
474	290
474	310
474	339
474	345
474	376
474	405
474	426
474	467
474	495
475	19
475	59
475	90
475	95
475	115
475	134
475	183
475	201
475	225
475	286
475	325
475	350
475	367
475	428
475	437
476	4
476	11
476	26
476	41
476	87
476	213
476	301
476	309
476	359
476	380
476	389
477	35
477	109
477	236
477	243
477	272
477	368
477	410
477	454
477	492
478	7
478	17
478	131
478	158
478	198
478	202
478	232
478	251
478	266
478	287
478	356
478	421
478	433
478	440
479	28
479	135
479	152
479	161
479	170
479	236
479	340
479	344
479	388
479	443
479	487
480	48
480	93
480	110
480	117
480	171
480	364
480	378
480	379
480	407
480	415
480	424
481	19
481	40
481	44
481	53
481	60
481	79
481	125
481	199
481	218
481	229
481	252
481	257
481	265
481	289
481	332
481	419
481	449
481	459
482	136
482	169
482	197
482	245
482	248
482	300
482	345
482	346
482	370
482	375
482	384
482	385
482	399
482	416
482	432
482	446
482	462
482	484
482	485
482	493
483	20
483	49
483	142
483	164
483	188
483	282
483	285
483	335
483	422
483	499
484	136
484	174
484	232
484	254
484	346
484	360
484	416
484	431
484	432
484	440
484	462
484	482
484	485
485	160
485	169
485	174
485	197
485	256
485	267
485	312
485	360
485	370
485	375
485	384
485	385
485	399
485	432
485	440
485	447
485	451
485	462
485	482
485	484
486	38
486	61
486	62
486	68
486	88
486	114
486	129
486	144
486	166
486	215
486	318
486	325
486	365
486	409
486	417
486	418
486	444
487	28
487	135
487	148
487	152
487	161
487	170
487	182
487	189
487	204
487	278
487	340
487	409
487	443
487	454
487	479
488	43
488	92
488	97
488	153
488	258
488	262
488	306
488	342
488	395
488	430
488	433
489	44
489	65
489	73
489	98
489	121
489	132
489	154
489	157
489	206
489	239
489	259
489	273
489	292
489	297
489	317
489	348
489	351
489	372
489	435
489	452
489	457
490	31
490	53
490	55
490	83
490	84
490	89
490	138
490	168
490	201
490	315
490	381
490	408
490	460
490	464
490	465
490	466
491	126
491	146
491	150
491	205
491	303
491	327
491	354
491	425
491	455
491	467
492	3
492	6
492	11
492	25
492	34
492	35
492	36
492	56
492	107
492	109
492	221
492	236
492	321
492	334
492	349
492	368
492	382
492	410
492	454
492	471
492	477
493	136
493	169
493	174
493	265
493	276
493	370
493	385
493	399
493	432
493	440
493	460
493	482
494	64
494	75
494	86
494	104
494	114
494	153
494	176
494	195
494	239
494	241
494	267
494	276
494	301
494	329
494	343
494	350
494	353
495	58
495	123
495	175
495	182
495	194
495	310
495	345
495	445
495	467
495	474
496	24
496	32
496	108
496	199
496	288
496	290
496	317
496	405
496	412
496	426
496	467
496	470
497	13
497	51
497	71
497	81
497	129
497	147
497	162
497	182
497	185
497	191
497	240
497	258
497	323
497	373
497	390
497	472
498	2
498	24
498	78
498	84
498	106
498	275
498	280
498	295
498	371
498	404
498	429
498	438
498	469
499	20
499	46
499	49
499	118
499	164
499	188
499	271
499	285
499	312
499	335
499	483
500	1
500	9
500	16
500	93
500	122
500	144
500	173
500	189
500	220
500	237
500	247
500	253
500	268
500	305
500	311
500	383
500	396
500	411
500	430
500	440
500	453
500	469
